O:0.087814
O:0.077015
O:0.077142
O:0.092308

