O:0.078640
O:0.072392
O:0.099417

