O:0.104178
O:0.088937
O:0.090194

