O:0.094695
O:0.097035
O:0.093356

