O:0.104730
O:0.089804
O:0.089375

