O:0.105694
O:0.089159
O:0.090450

