O:0.094327
O:0.090177
O:0.093009

