O:0.101654
O:0.091720
O:0.090137

