O:0.101610
O:0.091761
O:0.082054
O:0.086725

