O:0.102579
O:0.088577
O:0.088458

