O:0.092120
O:0.090257
O:0.093489

