O:0.084478
O:0.077976
O:0.076835
O:0.089836

