O:0.102911
O:0.091291
O:0.082336
O:0.087527

