O:0.090387
O:0.099477
O:0.094478
O:0.098739
O:0.094339
O:0.092704
O:0.099299
O:0.087817
O:0.092572
B_LOC:0.090826
L_LOC:0.083805
O:0.101969

