O:0.090569
O:0.088448
O:0.094052

