U_TTL:0.077017
I_ORG:0.073869
O:0.075547
O:0.074838
U_LOC:0.070796
O:0.084798
B_PER:0.066530
L_PER:0.071892
O:0.096530
O:0.106528
O:0.104321
O:0.093350
O:0.097680
O:0.105235

