O:0.091065
O:0.092297
O:0.091842

