O:0.100309
O:0.091083
O:0.082448
O:0.089050

