O:0.085689
O:0.086549
O:0.092519

