O:0.089585
O:0.083618
O:0.074345
O:0.091287

