O:0.087442
O:0.077078
O:0.076360
O:0.087377

