O:0.091315
O:0.089415
O:0.096920

