O:0.085011
O:0.075772
O:0.077038
O:0.090406

