O:0.102410
O:0.090935
O:0.089555

