B_TTL:0.078445
L_TTL:0.081275

