O:0.104413
O:0.089137
O:0.090365

