O:0.103779
O:0.090231
O:0.082844
O:0.086359

