O:0.102303
O:0.092235
O:0.092320

