O:0.090903
O:0.094809
O:0.079866
L_TTL:0.082371

