O:0.081858
O:0.078045
O:0.086761
U_LOC:0.068347
O:0.097740

