O:0.076460
O:0.091165
O:0.086865
O:0.089637
O:0.078027
O:0.089051
O:0.072497
O:0.100926
O:0.090975
O:0.074162
U_TTL:0.073085
B_ORG:0.073991
I_ORG:0.072002
B_LOC:0.072325
L_LOC:0.072457
B_PER:0.072907
O:0.076563
O:0.093420
O:0.094330
O:0.099582
O:0.098922
O:0.097390
O:0.109009
O:0.087555
O:0.091374
O:0.109896

