O:0.087567
O:0.086169
O:0.092817

