O:0.102576
O:0.091036
O:0.082350
O:0.087348

