O:0.074282
O:0.094910

