O:0.093188
O:0.091775
O:0.095720

