O:0.093141
O:0.086178
O:0.079110
O:0.095471

