O:0.100784
O:0.092033
O:0.085548
O:0.089414

