O:0.102416
O:0.090967
O:0.080904
O:0.086760

