O:0.083746
O:0.075160
O:0.077177
O:0.091222

