O:0.100048
O:0.090564
O:0.089980

