O:0.089275
O:0.088880
O:0.092438

