U_TTL:0.077811
B_PER:0.067019
L_PER:0.066554
L_LOC:0.065899
O:0.082837
U_LOC:0.072003
O:0.089054
O:0.091245
O:0.088370
O:0.102669
O:0.081243
O:0.079094
O:0.092830
O:0.092252
O:0.096383
O:0.092478
O:0.096550
O:0.094371
O:0.085892
O:0.086902
O:0.096250

