O:0.083779
O:0.087327
O:0.079395
B_LOC:0.076501
L_LOC:0.073537
O:0.085352
O:0.090232
O:0.094910

