O:0.096581
O:0.100933
O:0.103106
B_TTL:0.082397
L_TTL:0.088316

