O:0.080612
O:0.077942
O:0.082908

