O:0.077254
O:0.078044
U_LOC:0.068648
O:0.096208

