O:0.091337
O:0.091907
O:0.093604

