O:0.105067
O:0.089762
O:0.090390

