O:0.104220
O:0.088682
O:0.090154

