I_PER:0.065638
B_PER:0.065891
L_PER:0.065606
L_LOC:0.066239
O:0.065027
O:0.071688
O:0.072479
O:0.095214
O:0.100408
O:0.098409
O:0.093565
O:0.084101
O:0.068905
O:0.068961
O:0.088359
O:0.098273
O:0.089232
O:0.066514
O:0.073856
O:0.069531

