I_PER:0.066164
B_PER:0.064783
L_PER:0.066140
B_PER:0.064450
L_PER:0.065589
O:0.071661
O:0.069708
O:0.079317
O:0.066607
O:0.065735
O:0.064125
O:0.068989

