O:0.090104
O:0.088171
O:0.087358
O:0.093751
B_LOC:0.068548
L_LOC:0.070208
O:0.097624

