O:0.098987
O:0.104411
O:0.094743
O:0.087536

