B_PER:0.066271
B_PER:0.066491
L_PER:0.065831
B_LOC:0.064741
L_LOC:0.064696
O:0.068153
O:0.077567
O:0.069354
B_LOC:0.063339
L_LOC:0.066493
O:0.064777
O:0.071430
O:0.100156
O:0.095908

