I_PER:0.065797
B_LOC:0.064083
L_LOC:0.066165
B_PER:0.065322
L_PER:0.066126
B_PER:0.064068
L_PER:0.064860
O:0.067268
O:0.063517
O:0.076984
O:0.095924
O:0.097709
O:0.097918
O:0.093596
O:0.084117
O:0.068929
O:0.068961
O:0.088359
O:0.098273
O:0.089232
O:0.066514
O:0.073856
O:0.069531

