O:0.075242
O:0.061467
O:0.070421
O:0.073531
O:0.095630
O:0.099473
O:0.085989
O:0.090705
O:0.087075
B_LOC:0.069579
L_LOC:0.071659
O:0.097872

