O:0.080146
B_LOC:0.074891
L_LOC:0.076817
O:0.080307
O:0.081396
O:0.078764
O:0.077605
O:0.081001
O:0.085148
O:0.104525
O:0.108217
O:0.110552
O:0.084775
L_PER:0.075932
L_PER:0.078194

