O:0.091515
O:0.088156
O:0.083529
O:0.093867
B_ORG:0.074272
B_LOC:0.066828
L_LOC:0.072114
O:0.098425

