O:0.078458
O:0.078479
B_LOC:0.066628
L_LOC:0.069571
O:0.102349

