O:0.094575
O:0.094761
O:0.082828
O:0.078543
L_PER:0.076433
O:0.085359

