I_PER:0.065810
U_TTL:0.067668
B_PER:0.066214
L_PER:0.065788
O:0.062172
O:0.068948
O:0.069549
O:0.081297
O:0.067943
O:0.062601
O:0.065390
I_LOC:0.066267
B_ORG:0.067790
L_PER:0.065930

