O:0.080821
O:0.095452
O:0.099273
O:0.094704
O:0.093821
O:0.098107
B_LOC:0.077030
L_LOC:0.076483
O:0.101816

