O:0.094418
O:0.102361
O:0.105456
O:0.110145
O:0.084881
L_LOC:0.075840
O:0.078575
O:0.084290

