O:0.075463
O:0.070784
O:0.075884
O:0.090971
O:0.069011
B_LOC:0.067841
L_LOC:0.070614
O:0.096957

