O:0.083097
O:0.081388
O:0.081722
O:0.076401
L_LOC:0.077093
L_PER:0.078434

