O:0.080621
O:0.085466
O:0.094395
O:0.089684
O:0.102792
O:0.071088
L_ORG:0.068515
L_PER:0.065847
O:0.071812
O:0.087389
O:0.092835
O:0.100305
O:0.100274
O:0.086463
O:0.094362
O:0.099296
O:0.100665
O:0.101525
O:0.088153
O:0.104847
O:0.073590
U_TTL:0.066473
B_PER:0.067657
B_LOC:0.067681
L_LOC:0.070660
O:0.102347

