U_TTL:0.066241
B_PER:0.067673
L_PER:0.065601
L_PER:0.064755
O:0.068484
O:0.072028
O:0.095769
O:0.094977

