O:0.088244
O:0.093876
O:0.088516
L_LOC:0.081700
O:0.084460

