O:0.079995
O:0.089871
O:0.093758
O:0.108311
O:0.103970
O:0.099992
O:0.081837
B_LOC:0.073123
L_LOC:0.071197
O:0.105758

