O:0.090183
O:0.082931
O:0.084663
O:0.110092

