O:0.098660
O:0.095503
O:0.084784
B_ORG:0.078802
L_ORG:0.077134
O:0.087143

