O:0.080862
O:0.074141
O:0.063975
B_LOC:0.071513
L_LOC:0.074411
O:0.096847

