B_PER:0.065174
L_PER:0.064916
U_TTL:0.067553
B_PER:0.064634
L_PER:0.065747
B_PER:0.065198
L_PER:0.066087
O:0.067295
O:0.083625
O:0.066640
O:0.071982

