O:0.065569
O:0.071043

