B_ORG:0.069945
I_ORG:0.068969
I_ORG:0.068108
L_PER:0.064763
O:0.066741
O:0.062207
O:0.066472
U_TTL:0.064371
B_PER:0.065504
L_PER:0.065714
B_ORG:0.068481
L_ORG:0.063783

