U_TTL:0.064576
B_PER:0.065099
L_PER:0.066856
O:0.079566
B_LOC:0.069930
L_LOC:0.071445
O:0.090122
O:0.085290
O:0.068066
O:0.069375
O:0.088361
O:0.098273
O:0.089232
O:0.066514
O:0.073856
O:0.069531

