O:0.088399
O:0.085188
O:0.085691
O:0.091987
B_LOC:0.079337
L_LOC:0.075342
O:0.086124
O:0.103792

