I_LOC:0.067305
B_LOC:0.063132
L_LOC:0.066348
B_PER:0.065361
L_PER:0.065606
L_PER:0.065945
I_PER:0.065742
I_LOC:0.067784
O:0.068769

