O:0.070828
O:0.067655
O:0.065413
I_LOC:0.066402
O:0.070371
B_LOC:0.064136
L_LOC:0.065883
O:0.070752
O:0.097261
O:0.098008

