B_LOC:0.065370
L_LOC:0.071564
O:0.080886
B_LOC:0.062426
L_LOC:0.064079
B_PER:0.064859
L_PER:0.065825
O:0.075486
B_ORG:0.071637
O:0.077086
O:0.091835
O:0.100507
O:0.099209
O:0.095813
O:0.084443
O:0.069512
O:0.068964
O:0.088359
O:0.098273
O:0.089232
O:0.066514
O:0.073856
O:0.069531

