O:0.071168
B_LOC:0.066021
L_LOC:0.067303
O:0.088802
U_TTL:0.068479
B_PER:0.067696
L_PER:0.067965
O:0.085783
O:0.092977
O:0.091935
O:0.114265
O:0.089731
O:0.092251
O:0.094565
O:0.066876
O:0.100621

