O:0.081066
O:0.095732
O:0.094759

