O:0.082129
O:0.086616
O:0.096807
O:0.096074
B_LOC:0.073960
L_LOC:0.071310
L_LOC:0.072570
O:0.098823

