O:0.092214
O:0.097531
O:0.092788

