O:0.072215
B_ORG:0.070893
I_ORG:0.072159
I_ORG:0.069965
O:0.078593
U_LOC:0.068650
O:0.088213
O:0.065289
O:0.096199

