O:0.087316
O:0.087144
O:0.087156
B_ORG:0.072762
L_ORG:0.067927
B_PER:0.068248
L_PER:0.068911
O:0.094083
O:0.092923
O:0.091348
O:0.094673
O:0.102344
O:0.086833
O:0.107870

