O:0.091120
O:0.094311
O:0.083508
O:0.078042
L_PER:0.077192
O:0.085973

