O:0.069417
O:0.066601
U_TTL:0.065308
B_PER:0.065443
L_PER:0.065526
B_PER:0.066523
L_PER:0.065726
L_ORG:0.065906
B_LOC:0.065130
L_LOC:0.068283
O:0.067390
O:0.090654
O:0.094522

