O:0.077255
O:0.095647

