O:0.090529
O:0.093393
O:0.085926
O:0.077138
L_PER:0.078004

