O:0.062585
O:0.065871
O:0.065629
I_PER:0.065826
I_PER:0.066055
I_LOC:0.066015
I_LOC:0.066486
B_ORG:0.068688
L_ORG:0.065017
B_LOC:0.064690
L_LOC:0.065242
O:0.068459
O:0.093860
O:0.092425

