O:0.078040
O:0.080738
O:0.091968
O:0.095420
B_LOC:0.076715
L_LOC:0.072976
O:0.085934
O:0.066921
O:0.096206

