O:0.081116
O:0.085381

