B_PER:0.065030
L_PER:0.065558
O:0.063461
O:0.065436
O:0.063822
U_LOC:0.071121
O:0.067222

