O:0.072752
O:0.095697
O:0.073298
O:0.093155

