I_PER:0.065790
B_PER:0.064529
L_PER:0.065159
B_PER:0.065591
L_PER:0.065239
O:0.065076
O:0.063243
O:0.068080
O:0.065853
O:0.070556
B_LOC:0.064444
L_LOC:0.067824
L_PER:0.065559
O:0.068006
O:0.088354
O:0.098273
O:0.089232
O:0.066514
O:0.073856
O:0.069531

