B_PER:0.064887
L_PER:0.065457
I_PER:0.065784
B_LOC:0.062320
L_LOC:0.065973
O:0.070468

