O:0.085131
O:0.077302
O:0.075836
O:0.084534
O:0.081659
O:0.085319
O:0.096839
O:0.090872
O:0.088911
B_LOC:0.071859
L_LOC:0.070927
O:0.094560

