O:0.094575
O:0.094761
O:0.082828
O:0.078119
L_PER:0.076442
O:0.085234

