O:0.067088
B_LOC:0.063981
L_LOC:0.067178
O:0.065506
O:0.078834
O:0.099135
O:0.093053

