L_PER:0.078172
L_PER:0.077323
L_PER:0.079842
L_PER:0.081872

