O:0.084397
O:0.097175
O:0.084407
O:0.088779

