O:0.095828
O:0.098562
O:0.093835

