O:0.078773
O:0.092636
O:0.069815
O:0.085119
O:0.071643
O:0.088835
O:0.082850
O:0.086492
U_LOC:0.070010
O:0.085422
B_LOC:0.070572
L_LOC:0.074095
O:0.097993

