O:0.066709
B_LOC:0.063928
L_LOC:0.066177
B_PER:0.065742
L_PER:0.065979
O:0.065331
O:0.070211
O:0.069345
O:0.084205
U_LOC:0.062038
O:0.091037
O:0.064376
O:0.070388
O:0.095216
O:0.082729
O:0.067760
O:0.069223
O:0.088360
O:0.098273
O:0.089232
O:0.066514
O:0.073856
O:0.069531

