B_LOC:0.065830
L_LOC:0.067441
O:0.075084
O:0.084091
O:0.065498
O:0.096188

