I_PER:0.065789
I_PER:0.065733
B_PER:0.065543
L_PER:0.066033
O:0.071057
O:0.066599
B_PER:0.065239
L_PER:0.065820
O:0.067257
O:0.088356
O:0.098273
O:0.089232
O:0.066514
O:0.073856
O:0.069531

