B_LOC:0.063729
L_LOC:0.065184
O:0.066442
O:0.064551
U_LOC:0.062774
O:0.064649
O:0.063087
O:0.064417
O:0.072635
O:0.092775
O:0.098843
O:0.098917
O:0.098441
O:0.096580

