O:0.082773
O:0.076694
O:0.062586
B_LOC:0.068648
L_LOC:0.071567
O:0.097803

