O:0.086639
O:0.097269
O:0.089209
O:0.099326
O:0.110930
O:0.101151
O:0.104324
O:0.085672
O:0.084128
B_LOC:0.089205
L_LOC:0.083034
O:0.097902

