O:0.080531
O:0.080441
O:0.069384
B_LOC:0.067811
L_LOC:0.070700
O:0.102829

