B_ORG:0.067313
I_ORG:0.064450
B_PER:0.065630
L_PER:0.064594
B_PER:0.064391
L_PER:0.065369
O:0.075231
O:0.091297
O:0.099306
O:0.098128
O:0.093730
O:0.084129
O:0.068967
O:0.068962
O:0.088359
O:0.098273
O:0.089232
O:0.066514
O:0.073856
O:0.069531

