O:0.089566
O:0.087868
O:0.086261
O:0.094222

