O:0.068987
O:0.083055
O:0.064532
O:0.085423
U_LOC:0.076432
O:0.095328
O:0.096820

