O:0.082469
B_LOC:0.080200
L_LOC:0.080309
O:0.084965
O:0.084841
O:0.081322
O:0.080344
O:0.075976
L_PER:0.078411

