O:0.068362
O:0.080371
U_LOC:0.066709
O:0.068272
O:0.072345

