O:0.093099
B_ORG:0.070838
L_ORG:0.070828
O:0.086354
O:0.089838
O:0.077774
O:0.087791
O:0.072086
O:0.093887
O:0.102685

