L_PER:0.064629
O:0.064694
O:0.065855
O:0.065009
U_TTL:0.064473
B_PER:0.065338
L_PER:0.066955
O:0.066075
O:0.064356
O:0.070903
U_LOC:0.069374

