U_TTL:0.066035
B_PER:0.067012
L_PER:0.066446
B_PER:0.065039
L_PER:0.065491
O:0.063654
O:0.065901
O:0.067090
O:0.063133
O:0.067191
O:0.068733
O:0.070121
O:0.093439
O:0.095562

