O:0.108398
O:0.096736
O:0.088179
O:0.102815

