U_LOC:0.067663
B_PER:0.064932
L_PER:0.064060
U_LOC:0.065956
O:0.066254
O:0.086181
B_ORG:0.070441
O:0.067365
B_LOC:0.063186
L_LOC:0.065511
O:0.071530
O:0.097478
O:0.096955
O:0.097917
O:0.093596
O:0.084117
O:0.068929
O:0.068961
O:0.088359
O:0.098273
O:0.089232
O:0.066514
O:0.073856
O:0.069531

