O:0.080997
B_LOC:0.076761
L_LOC:0.076675
O:0.081263
O:0.080005
O:0.085741
O:0.091068
O:0.096425
O:0.091737
O:0.086659
O:0.084186
O:0.083420
L_PER:0.076287
L_PER:0.078227

