O:0.079105
O:0.095448
O:0.093051

