O:0.095469
O:0.095931
O:0.094194
O:0.095502

