O:0.095154
O:0.102362
O:0.105293
O:0.108455
O:0.081588
L_LOC:0.075387
O:0.083405

