O:0.084390
O:0.088788
O:0.091077
O:0.108175

