O:0.079263
O:0.081738
O:0.081886
O:0.078346
O:0.080825
L_PER:0.076201
L_PER:0.077278

