U_TTL:0.071379
B_LOC:0.070285
L_LOC:0.071560
B_PER:0.066187
L_PER:0.065017
O:0.070588
O:0.065225
O:0.069483
O:0.100320
O:0.069059
O:0.104791
O:0.097303

