O:0.084031
O:0.090427
O:0.091764
O:0.093774
O:0.078976
O:0.073866
O:0.070817
O:0.086269
B_LOC:0.072283
L_LOC:0.070996
L_LOC:0.072571
O:0.098823

