O:0.084543
O:0.097496
O:0.110009
O:0.087356
L_PER:0.077015

