O:0.086883
B_LOC:0.078671
L_LOC:0.079682
O:0.088014
O:0.083349
O:0.083167
O:0.086650
O:0.086092
O:0.104290
O:0.094530
O:0.092717
O:0.095148

