O:0.067792
O:0.069302
O:0.072203
O:0.073135

