O:0.077092
O:0.086749
B_LOC:0.079205
L_LOC:0.076457
O:0.099195

