O:0.091034
O:0.101207
O:0.094265
O:0.094323

