O:0.064795
O:0.064935
O:0.065046
U_LOC:0.069611
O:0.088232
U_LOC:0.066013
O:0.087699
B_LOC:0.066011
L_LOC:0.069079
B_PER:0.066350
L_PER:0.067804
O:0.096873
O:0.094705

