O:0.082003
O:0.072323
B_LOC:0.064369
L_LOC:0.064219
O:0.075076
O:0.088675
O:0.111377
O:0.100709
O:0.092387
O:0.102977

