O:0.080894
O:0.078612
U_LOC:0.066700
B_LOC:0.068536
L_LOC:0.071238
O:0.099567

