L_LOC:0.076276
L_PER:0.077773

