O:0.083376
O:0.083573
O:0.082257
O:0.084377
O:0.082222
O:0.080170
O:0.080920
O:0.085373
O:0.081376
L_LOC:0.076297
U_LOC:0.078445

