O:0.080007
O:0.091799
O:0.088602
O:0.092635

