O:0.082968
O:0.086720
O:0.101967

