O:0.080980
O:0.087040
O:0.099598
O:0.104868

