B_PER:0.066431
B_PER:0.066741
L_PER:0.067017
O:0.068006
O:0.069579
O:0.088479
O:0.072700
O:0.095763
O:0.097271
O:0.098517
O:0.099688
O:0.096368

