O:0.087917
O:0.089103
O:0.089089
O:0.099619
O:0.094526
O:0.094064
O:0.095540
O:0.080607
O:0.067842
O:0.067909
O:0.092872
B_ORG:0.074774
O:0.083157
B_LOC:0.089908
L_LOC:0.084185
O:0.100408

