O:0.095609
O:0.099790
O:0.103026
O:0.109799
O:0.094451
L_LOC:0.079478
O:0.076747
O:0.083998

