O:0.099879
O:0.097381
O:0.091739

