O:0.092650
O:0.103334
O:0.106925
O:0.100391

