O:0.093756
O:0.097687
O:0.093561

