O:0.064899
O:0.073514
O:0.088461
B_LOC:0.077524
L_LOC:0.071320

