O:0.080107
O:0.076088
B_LOC:0.067947
L_LOC:0.071002
O:0.097797

