O:0.093379
O:0.104003
O:0.097491
O:0.087989

