U_TTL:0.074960
U_PER:0.068088
O:0.066664
O:0.063904
O:0.085223
B_LOC:0.079349
L_LOC:0.074398
O:0.097093
O:0.102642
O:0.092262
O:0.083160
O:0.070550
O:0.098605

