O:0.108732
O:0.110248
O:0.104250
O:0.096021

