O:0.079863
O:0.084226
B_LOC:0.070324
L_LOC:0.067675
B_PER:0.066223
L_PER:0.071258
O:0.096182
O:0.105248
O:0.099688
O:0.107198
O:0.092163
O:0.103129
O:0.093332
O:0.086943
O:0.096469
O:0.106107
O:0.096065
O:0.090154
O:0.088827
O:0.109981

