O:0.077471
O:0.083817
O:0.091889
O:0.080005
O:0.081116
B_LOC:0.077263
L_LOC:0.071749
O:0.085670
O:0.066454
O:0.096203

