B_LOC:0.065757
L_LOC:0.066517
B_PER:0.065449
L_PER:0.065783
O:0.062483
O:0.065577
O:0.065698
O:0.065148
O:0.070965
O:0.105706
O:0.095283

