O:0.082068
O:0.075534
B_LOC:0.075250
L_LOC:0.076765
O:0.080221
O:0.077092
O:0.077960
O:0.085264
O:0.097707
O:0.077325
L_PER:0.077763

