O:0.078161
L_LOC:0.067285
O:0.067681
O:0.070246
O:0.097476
O:0.092056
O:0.087787
O:0.110109

