O:0.078587
O:0.090553
O:0.092402

