U_PER:0.071192
O:0.099767
O:0.094079
O:0.079618
O:0.094155
O:0.078179

