O:0.089767
O:0.099978
O:0.113055
O:0.099180
O:0.103122
O:0.077054
L_PER:0.076995

