B_PER:0.067507
L_PER:0.065857
O:0.066948

