O:0.070793
O:0.083112
O:0.094033
O:0.073112
O:0.085858
B_ORG:0.070246
O:0.070940

