B_LOC:0.074489
L_LOC:0.078435
O:0.094263
O:0.082315
O:0.088943

