O:0.082818
O:0.087840
O:0.097901
B_LOC:0.077602
L_LOC:0.076439

