O:0.099161
O:0.091730

