B_PER:0.065393
L_PER:0.067591
O:0.084560
B_LOC:0.064405
L_LOC:0.074203

