O:0.080478
O:0.080878
O:0.077507
O:0.082063
O:0.078931
L_PER:0.077863

