O:0.081681
O:0.100364
O:0.095712
O:0.104694

