B_PER:0.067809
L_PER:0.065655
O:0.086376
O:0.070392

