O:0.076330
U_LOC:0.064243
O:0.082529
U_LOC:0.069695
O:0.096865

