O:0.075844
O:0.094670

