O:0.102520
O:0.092581

