O:0.068148
U_LOC:0.072944
O:0.104291
O:0.090798
O:0.095839
O:0.082282
O:0.090041
O:0.087050
O:0.105710
O:0.088357
B_LOC:0.072310
L_LOC:0.072618
O:0.104512

