O:0.087962
O:0.080933
O:0.086544
O:0.084048

