O:0.086908
O:0.090742

