O:0.092256
O:0.104497
O:0.099128
O:0.091634

