O:0.073084
O:0.075305
B_PER:0.065681
L_PER:0.065465
B_ORG:0.066635
B_LOC:0.067144
L_LOC:0.070014
O:0.101967
O:0.095839
O:0.105428
O:0.093349
O:0.098242
O:0.104250
O:0.088773
O:0.091367
O:0.101669
O:0.101238
O:0.107334
O:0.084917
O:0.086647
O:0.109314

