O:0.084588
O:0.092405

