O:0.078265
L_LOC:0.077399
L_PER:0.078058

