O:0.078649
O:0.085636
O:0.098445
O:0.077067
L_PER:0.077984

