O:0.068080
O:0.092532

