O:0.077307
O:0.097564

