O:0.097844
O:0.092178
O:0.098189
O:0.100999

