B_PER:0.065395
L_PER:0.064682
B_PER:0.065792
L_PER:0.068586
O:0.087591
O:0.072647
O:0.067020
O:0.093965
O:0.063801
O:0.070836

