L_PER:0.076310
L_PER:0.078253

