O:0.099737
O:0.093866

