O:0.087975
O:0.086360
O:0.079333

