O:0.076694
O:0.100716
O:0.106566
O:0.097466

