L_PER:0.079003
L_PER:0.080193

