B_LOC:0.062219
L_LOC:0.065755
I_PER:0.066076
B_ORG:0.071211
L_ORG:0.073046
B_PER:0.064362
L_PER:0.064008
O:0.070246
O:0.073712

