O:0.081612
O:0.078322
L_PER:0.079426
O:0.082743

