I_PER:0.065935
B_ORG:0.070866
L_ORG:0.072321
L_PER:0.067882
I_PER:0.065792
I_LOC:0.068644
L_LOC:0.068512
U_LOC:0.070467

