O:0.092449
O:0.106401
O:0.111138
O:0.101751

