L_PER:0.078482
L_PER:0.080660

