O:0.097011
O:0.087376
O:0.093862
O:0.105682

