O:0.112518
O:0.091470
O:0.104496

