O:0.090999
O:0.099174
O:0.085570
U_LOC:0.085247
O:0.097586

