I_LOC:0.065423
I_LOC:0.065660
L_LOC:0.066565
O:0.073822

