B_LOC:0.063950
L_LOC:0.068229
O:0.065463
O:0.064157
O:0.067879
B_PER:0.064714
L_PER:0.064973
I_PER:0.066300
I_LOC:0.067539
O:0.068916
O:0.067586

