O:0.068252
O:0.071866
O:0.073543

