O:0.085781
O:0.085403
O:0.079684

