O:0.090826
O:0.102680
O:0.099300
O:0.095689

