O:0.102060
O:0.107641
O:0.105449
O:0.095061

