O:0.075891
O:0.091691

