O:0.090344
O:0.082261
O:0.090230
O:0.094932

