O:0.107733
O:0.086654
O:0.112290

