O:0.079577
B_LOC:0.077282
O:0.084531
O:0.103938
O:0.093852
O:0.100417
O:0.104381
O:0.103444
O:0.079945
L_PER:0.077699

