O:0.081464
O:0.086778

