O:0.097814
O:0.092204

