U_PER:0.069077
O:0.087611
O:0.090418
O:0.090050
O:0.093595
O:0.094652
O:0.085393

