O:0.082675
O:0.082722
O:0.084485
O:0.079296
O:0.077899
L_PER:0.077125
L_PER:0.079157

