O:0.072297
O:0.074851

