O:0.074840
O:0.072075
O:0.101581

