O:0.082998
O:0.094521
O:0.094388
O:0.087968

