B_LOC:0.081123
L_LOC:0.079769
O:0.098043
O:0.113319
O:0.113415
O:0.120753
O:0.111463
O:0.102715
O:0.105495
O:0.104363
O:0.098131
O:0.088287

