O:0.099784
O:0.093889

