O:0.101329
O:0.109837
O:0.100460
O:0.092359

