O:0.076838
L_LOC:0.074419
O:0.104576

