O:0.081772
O:0.078631
O:0.085037
O:0.078505

