L_PER:0.078439
L_PER:0.080641

