O:0.064259
O:0.068343
O:0.063200
O:0.070972

