O:0.096592
O:0.101238

