O:0.070794
O:0.089311
O:0.075332

