O:0.077586
O:0.081713
O:0.081542
O:0.077899
O:0.079065
O:0.078179
L_PER:0.076609
L_PER:0.079793

