O:0.103667
O:0.102609

