O:0.079086
O:0.076499
O:0.083258
O:0.102695
O:0.110857
O:0.122302
O:0.114983
O:0.110991
U_LOC:0.077885
L_PER:0.075632
L_PER:0.078730

