O:0.090487
O:0.080136
O:0.086468

