O:0.086381
O:0.085014
O:0.079619

