O:0.084780
O:0.085579
O:0.076932

