O:0.077748
O:0.100946
O:0.097978
O:0.096242

