O:0.077473
O:0.075969
B_LOC:0.078297
O:0.083196
O:0.094744
O:0.089398
O:0.086615
O:0.099827
O:0.076718
L_PER:0.077662

