O:0.080109
O:0.086080

