L_PER:0.077554
L_PER:0.077863
L_PER:0.078722
L_PER:0.080571

