O:0.079687
O:0.076680
L_PER:0.077111
L_PER:0.078721

