L_LOC:0.066590
O:0.084280
B_PER:0.067250
L_PER:0.066925
I_PER:0.065376
B_PER:0.066126
L_PER:0.066222
B_PER:0.065350
L_PER:0.065260
O:0.068652
B_LOC:0.069798
L_LOC:0.071735

