L_PER:0.068167
O:0.071104
O:0.075233
O:0.076135

