O:0.090277
O:0.085388
U_LOC:0.071347
O:0.074281

