O:0.077045
O:0.098830
O:0.091131

