O:0.078899
O:0.079255
O:0.080958
O:0.082642
O:0.083525
O:0.079512
B_LOC:0.075400
L_LOC:0.078039

