O:0.111408
O:0.089295
O:0.094781
O:0.104031

