O:0.075556
O:0.092499

