O:0.085201
O:0.090099

