O:0.099513
O:0.095410

