O:0.066985
O:0.082873
O:0.069442
O:0.072927
O:0.085656
U_LOC:0.065327
B_LOC:0.061204
L_LOC:0.067938
O:0.069093

