O:0.098537
O:0.093327
O:0.100196
O:0.094333

