O:0.072029
O:0.088835
B_LOC:0.078226
L_LOC:0.076497
O:0.091072

