O:0.111558
O:0.089138
O:0.107519

