O:0.102345
O:0.103865
O:0.079368
L_PER:0.077546

