O:0.097895
O:0.097653
O:0.094252
O:0.096107

