O:0.082567
O:0.083931
O:0.078759
O:0.083535
L_PER:0.076311
L_PER:0.078011

