O:0.092971
O:0.070664
O:0.106735

