B_PER:0.066280
L_PER:0.067261
O:0.082645
O:0.071582
O:0.071452
O:0.081674
O:0.068083
O:0.072814
O:0.077726

