O:0.097295
O:0.072070
B_ORG:0.072843
L_ORG:0.071175
O:0.097181
O:0.096131
O:0.088342

