O:0.082154
O:0.078199
L_PER:0.078120
L_PER:0.077409
L_PER:0.078034
O:0.084206

