O:0.099457
O:0.089008
O:0.086667
B_ORG:0.072553
L_ORG:0.073226
O:0.090687
U_LOC:0.081613
O:0.090211
O:0.089230

