O:0.071795
O:0.074948

