O:0.104218
O:0.102070

