O:0.094471
O:0.091581

