O:0.066672
O:0.068508

