O:0.080406
O:0.080502
O:0.076010
O:0.093132
O:0.103608
O:0.107260
O:0.086388
I_ORG:0.077806

