O:0.107187
O:0.101918
O:0.100404
O:0.099107

