U_PER:0.076313
O:0.102130
O:0.099165
O:0.085115
O:0.104125

