O:0.094940
O:0.083052
O:0.085450

