O:0.099889
O:0.093985

