O:0.091284
O:0.098183
O:0.097279
O:0.086556

