O:0.095775
O:0.092470

