O:0.087501
O:0.091247

