O:0.085258
O:0.093854
O:0.095981
O:0.103548
O:0.095729
O:0.088606
O:0.063822
B_PER:0.065382
L_PER:0.065677
B_LOC:0.066763
L_LOC:0.069083
O:0.100762

