B_LOC:0.076809
L_LOC:0.073301
O:0.096370
O:0.089208
O:0.091456
O:0.094880
O:0.097589

