O:0.109433
O:0.117044
O:0.092693
B_LOC:0.079029

