O:0.089869
O:0.092910
O:0.086177
O:0.082578
O:0.099322
O:0.086200
B_LOC:0.076098
L_LOC:0.077528
L_PER:0.077849

