O:0.082772
O:0.089627
O:0.088136
O:0.077903

