B_LOC:0.087090
L_LOC:0.086861
O:0.097993

