U_LOC:0.069234
O:0.064004
O:0.065838
O:0.067659
O:0.097319
O:0.097329
O:0.100757

