O:0.102759
O:0.097008

