O:0.094560
O:0.096359

