O:0.102913
O:0.107397
O:0.097939
O:0.088856

