O:0.071341
O:0.074139

