O:0.078028
O:0.097232

