O:0.086020
O:0.090420

