O:0.073406
O:0.091436

