O:0.109007
O:0.107306
O:0.103896
O:0.098268

