O:0.078369
O:0.107910
O:0.100223
O:0.099269

