O:0.075315
O:0.092924

