O:0.068359
O:0.065398
O:0.084782
O:0.076374

