O:0.101698
O:0.109474
O:0.096018

