O:0.086292
O:0.091123
L_PER:0.076251
L_PER:0.078253

