O:0.105362
O:0.101983
O:0.103148
O:0.092387
O:0.089137
B_LOC:0.077677
L_LOC:0.077898
O:0.087997

