O:0.094441
O:0.082012
O:0.084353

