O:0.070722
O:0.088155
O:0.075111

