O:0.085578
O:0.089212
O:0.100252
O:0.080524
O:0.093043
B_LOC:0.082045
L_LOC:0.077109
O:0.093451

