O:0.086753
O:0.096614
O:0.086604
O:0.081878
O:0.078886
O:0.077236
O:0.080025
O:0.078686
O:0.077457
O:0.079347
B_LOC:0.075364
L_LOC:0.079173

