O:0.073282
O:0.103039
O:0.101286
O:0.093427

