O:0.082194
O:0.095776
O:0.079757
L_PER:0.078158

