O:0.117398
O:0.079612
U_LOC:0.074848
O:0.092609
O:0.100439

