O:0.099781
O:0.094795
O:0.091235

