B_ORG:0.068692
B_LOC:0.066686
L_LOC:0.068657
B_PER:0.066432
L_PER:0.064956
O:0.064141
O:0.067006
O:0.082215
O:0.067067
B_PER:0.066383
L_PER:0.065016
B_PER:0.064852
L_PER:0.065385
O:0.065453
O:0.063419
O:0.073325

