O:0.085655
O:0.090003

