O:0.093786
O:0.092123

