O:0.101744
O:0.088356
O:0.102982

