O:0.084048
L_LOC:0.078816
O:0.079576
O:0.091528
O:0.098788
O:0.101036

