O:0.079004
U_PER:0.073215
O:0.101830
O:0.099411
O:0.071474
O:0.068012
O:0.085041
O:0.103860

