O:0.090299
O:0.105655
O:0.105268
O:0.093496

