O:0.086839
O:0.085418
O:0.078836

