O:0.093453
O:0.103441
O:0.090957

