O:0.118897
O:0.117284
O:0.096047
B_LOC:0.077457
O:0.085551

