L_PER:0.079050
L_PER:0.080232

