O:0.098474
O:0.099137
O:0.091494

