O:0.110644
O:0.112866
O:0.099295
O:0.093578

