O:0.103190
O:0.104547
O:0.098181
O:0.097261

