O:0.087534
O:0.078286
L_LOC:0.076865
O:0.085568

