B_PER:0.064557
L_PER:0.065668
O:0.063730
O:0.066520
O:0.066422
O:0.064937
O:0.066768
O:0.082586
O:0.070559
O:0.065912
O:0.069896
O:0.069594

