O:0.068396
O:0.067723
O:0.071619

