O:0.108691
O:0.101987
O:0.092020

