O:0.072444
O:0.085755
O:0.073949

