O:0.108649
O:0.104071
O:0.100310
O:0.094415

