O:0.098701
O:0.069177
O:0.101559

