O:0.076839
O:0.094311
O:0.105996
O:0.090497

