O:0.080018
O:0.079067
O:0.083840
O:0.084051
O:0.082977
O:0.082298
O:0.082589
B_LOC:0.079232
L_LOC:0.079236
O:0.082891
O:0.079051
L_LOC:0.076808
L_PER:0.077960

