O:0.106624
O:0.091407
O:0.092305
O:0.090042

