O:0.071720
O:0.078869
O:0.068175
O:0.077205

