O:0.071746
O:0.086911
O:0.074035

