O:0.099689
O:0.098451

