O:0.095461
O:0.095884
O:0.095216
O:0.095764

