O:0.106351
O:0.093915
O:0.104949

