O:0.081407
U_TTL:0.068963
O:0.068603
O:0.094604
O:0.091828

