O:0.100754
O:0.094922
O:0.093680

