I_PER:0.066253
B_PER:0.064572
L_PER:0.064541
B_ORG:0.067442
B_PER:0.066287
L_PER:0.066000
O:0.069371

