O:0.106430
O:0.100339
O:0.093648

