O:0.101268
O:0.100702
O:0.093768

