O:0.102651
O:0.102674

