O:0.099776
O:0.097315

