O:0.096533
O:0.094099
U_LOC:0.073930
O:0.096409
O:0.085521

