O:0.109321
O:0.107023
O:0.105917
O:0.098140

