O:0.076898
B_LOC:0.074752
L_LOC:0.077259
O:0.080270
O:0.084195
O:0.081200
O:0.083942
O:0.097661
O:0.091699
O:0.085204
O:0.077263
O:0.079476
O:0.081043
O:0.083929
L_PER:0.076727
L_PER:0.078546

