O:0.097883
O:0.092369

