I_PER:0.065839
B_PER:0.064468
L_PER:0.064166
O:0.068225
O:0.066520
O:0.067982

