O:0.071372
O:0.074737
O:0.075355
O:0.095110

