O:0.083922
O:0.086101

