O:0.095962
O:0.101646

