O:0.071085
O:0.086279
O:0.075811

