O:0.066692
O:0.065473
O:0.063282
O:0.064589
I_PER:0.065905
B_PER:0.065219
L_PER:0.064554
O:0.071470

