O:0.101055
O:0.101297

