U_PER:0.066427
B_PER:0.064697
L_PER:0.067903
O:0.094926
O:0.093099
O:0.100463

