O:0.104519
O:0.101372
O:0.097653
O:0.086805

