O:0.085265
O:0.085165
O:0.080074

