L_PER:0.078453
L_PER:0.080661

