O:0.065986
O:0.068996

