O:0.098509
O:0.101257
O:0.092782
U_LOC:0.074413
O:0.096744
O:0.089185

