O:0.084559
O:0.088658
O:0.089188
O:0.102954

