O:0.078100
O:0.100053

