O:0.071230
O:0.083832
O:0.093503
O:0.094879

