I_LOC:0.066355
B_PER:0.067323
L_PER:0.068600
O:0.066691
B_PER:0.064529
L_PER:0.065625
O:0.065838
B_LOC:0.070040
L_LOC:0.074400
B_PER:0.066222
L_PER:0.063880
B_LOC:0.064584
L_LOC:0.067548

