I_PER:0.065741
B_PER:0.065859
L_PER:0.066556
O:0.064830
O:0.078332
U_LOC:0.076937

