O:0.107955
O:0.084035
O:0.092659
O:0.097480

