O:0.072570
O:0.074442
O:0.099312
O:0.089861

