O:0.084540
O:0.082846
O:0.077714

