O:0.090375
B_LOC:0.078376
O:0.086465
O:0.108513
O:0.105263
O:0.095552

