I_PER:0.065998
U_LOC:0.069098
O:0.064668
O:0.064558
O:0.063759
O:0.065410
O:0.067574
O:0.085283
O:0.067823
O:0.066279
I_PER:0.066226
B_PER:0.064590
L_PER:0.065340
O:0.067223
O:0.063916
O:0.069678
O:0.070705

