O:0.103346
O:0.102039

