O:0.092302
O:0.106706
O:0.101875
O:0.096811

