O:0.111638
O:0.112344
O:0.100332
O:0.092331

