L_PER:0.077902
L_PER:0.080316
L_PER:0.080567

