O:0.088959
O:0.085901
L_PER:0.077391
O:0.088288

