L_LOC:0.076716
O:0.078756
O:0.084673
O:0.088494
O:0.090970
L_PER:0.077737

