O:0.092338
O:0.083981
O:0.097103
O:0.096757

