B_ORG:0.073667
L_ORG:0.072881
O:0.087506
O:0.101095
O:0.104845
O:0.092106
O:0.097648
O:0.101113

