O:0.108103
O:0.112416
O:0.102510
O:0.094469

