O:0.109521
O:0.090647
O:0.089531
O:0.101617

