B_PER:0.067237
L_PER:0.066215
O:0.070146
O:0.094431

