O:0.070014
B_PER:0.068101
L_PER:0.068507
O:0.090387
O:0.088938

