O:0.097067
O:0.094093

