O:0.070260
O:0.073911

