O:0.077714
O:0.094627
O:0.092862

