L_PER:0.067504
I_PER:0.065911
B_LOC:0.065678
L_LOC:0.067544
O:0.067296
O:0.066839
O:0.080073
B_ORG:0.072747
L_ORG:0.072676

