O:0.064588
O:0.066101
O:0.072033

