O:0.090380
O:0.085078
O:0.082598
O:0.099528

