O:0.073044
O:0.092221

