O:0.101744
O:0.101417

