O:0.105337
O:0.084791
O:0.091737

