O:0.067398
O:0.064350
U_LOC:0.064568
O:0.080402
O:0.071953
O:0.091806
O:0.085417
O:0.073474

