O:0.096459
O:0.082772
O:0.084727

