O:0.092044
O:0.096624
O:0.092055

