O:0.087655
O:0.092845
O:0.087524
O:0.074216
B_PER:0.064822
L_PER:0.064724
O:0.066724
O:0.094135

