O:0.113729
O:0.109731
O:0.101707

