O:0.071084
O:0.085078
O:0.065218
O:0.075111

