O:0.092699
O:0.104504
O:0.105393
O:0.094700

