O:0.090425
O:0.092207
O:0.088274
O:0.102271

