L_PER:0.078386
L_PER:0.078066

