O:0.077745
L_PER:0.076918
L_PER:0.078864

