O:0.105240
O:0.113738
O:0.098361
O:0.089657

