O:0.084325
O:0.073799
O:0.091222
O:0.094038

