B_LOC:0.069141
L_LOC:0.070726
B_PER:0.070589
L_PER:0.075396
O:0.095771
O:0.102500

