O:0.070909
B_LOC:0.070963
L_LOC:0.074557
O:0.098244

