O:0.082020
O:0.078709
O:0.084362

