O:0.081262
L_PER:0.076958
L_PER:0.078780

