B_ORG:0.072291
L_ORG:0.073797
L_PER:0.067263
B_PER:0.065240
L_PER:0.065376
O:0.069024
O:0.080582
O:0.067530
B_PER:0.066344
L_PER:0.065491
I_PER:0.065730
B_PER:0.064426
L_PER:0.066125

