O:0.101596
O:0.086969
O:0.107760

