O:0.079533
O:0.087435
O:0.063776
O:0.088631
O:0.093964
O:0.087920
O:0.077831
B_LOC:0.067437
L_LOC:0.068926
O:0.094950

