O:0.076526
O:0.099620

