O:0.085985
O:0.089353

