O:0.082611
O:0.078174
O:0.085999

