B_LOC:0.080057
L_LOC:0.073397
O:0.092759
O:0.085517
O:0.083531
O:0.093438

