O:0.098545
O:0.097043
O:0.091756

