O:0.105931
O:0.103440

