L_ORG:0.068134
B_PER:0.068056
L_PER:0.067973
O:0.083206
O:0.092518
O:0.082033

