O:0.105861
O:0.101639

