O:0.086583
O:0.078280
B_LOC:0.078139
O:0.087745
O:0.112045
O:0.106552
O:0.099256

