I_LOC:0.065737
B_LOC:0.068823
L_LOC:0.073981
O:0.089054
O:0.078380
O:0.105150
O:0.086852
O:0.084822
O:0.066716
O:0.067283

