O:0.082506
O:0.085429

