O:0.070621
O:0.086554
O:0.073657

