O:0.069683
O:0.086787
O:0.075426

