O:0.070382
O:0.074163

