B_LOC:0.070879
L_LOC:0.074435
O:0.098803

