O:0.107813
O:0.093045
O:0.094117
O:0.098287

