O:0.095237
O:0.083798
O:0.078325
L_PER:0.078335
O:0.083050

