B_LOC:0.064413
L_LOC:0.065593
O:0.066743
O:0.067811
O:0.072420
O:0.084369
O:0.090014
O:0.067366
O:0.070600

