O:0.082393
O:0.081836
O:0.076606
L_PER:0.077903

