L_PER:0.078357
O:0.079361
O:0.096315
O:0.106729
O:0.109704
O:0.104719
O:0.082521
L_PER:0.078921

