O:0.101894
O:0.102775
O:0.102258
O:0.093502

