O:0.074881
O:0.090987

