O:0.107075
O:0.098485

