O:0.078228
O:0.085045
O:0.109814

