O:0.093168
O:0.068392
B_PER:0.069253
L_PER:0.067600
O:0.089419
O:0.068149
O:0.098203

