L_PER:0.077748
L_PER:0.078861
L_PER:0.081406

