O:0.098818
O:0.094854

