O:0.067203
O:0.069634
O:0.067379
O:0.068494

