O:0.079025
O:0.080562
O:0.081412
O:0.093146
O:0.081897
L_PER:0.078226

