O:0.074552
O:0.098751
O:0.087673

