O:0.098779
O:0.095385

