O:0.082126
O:0.084910
L_PER:0.076058
L_PER:0.078171

