B_LOC:0.074191
L_LOC:0.082885
O:0.074476
O:0.063843
O:0.065384
I_PER:0.065610
B_PER:0.066123
L_PER:0.065914
O:0.064533
O:0.069810
O:0.089500
O:0.103150
O:0.091221
O:0.077222
O:0.099872
O:0.107036
O:0.103779
O:0.096216
O:0.102990
O:0.094498
O:0.096487
O:0.093863
O:0.091946

