O:0.064084
O:0.067770
O:0.068698

