O:0.089622
O:0.090592
O:0.093188

