O:0.080693
O:0.077529
L_PER:0.078166

