O:0.081351
O:0.084008

