O:0.088700
O:0.088418
O:0.095114
U_LOC:0.066663
O:0.097730

