O:0.100135
O:0.086463
O:0.104122

