O:0.099363
O:0.109064
O:0.107164
B_TTL:0.082405
L_TTL:0.088316

