B_PER:0.066366
L_PER:0.064359
B_ORG:0.070752
L_PER:0.068886
O:0.085896
O:0.063038
O:0.072783

