O:0.083718
O:0.099829

