O:0.090444
O:0.095127
O:0.095546

