O:0.082351
O:0.086752
O:0.101135

