O:0.083357
O:0.087830

