O:0.081634
O:0.078726
O:0.090177
O:0.090954
O:0.099878
O:0.077137
L_PER:0.077304

