O:0.109712
O:0.100392

