O:0.066239
O:0.071929
O:0.074869

