O:0.099348
O:0.102012
O:0.096337

