O:0.071253
O:0.090188
U_LOC:0.068301

