L_PER:0.065100
O:0.068554

