L_LOC:0.077447
L_PER:0.078340

