O:0.095874
O:0.101705
O:0.099509
O:0.091469

