O:0.099318
O:0.072534
O:0.063943
B_LOC:0.067210
L_LOC:0.069599
O:0.091409
O:0.077883
O:0.066923
O:0.080331
O:0.066615
O:0.068160
O:0.083327
U_LOC:0.069039
O:0.098761

