O:0.092071
O:0.093201
O:0.089421

