O:0.090548
O:0.093736
O:0.079775

