O:0.098847
O:0.101176
O:0.089006
O:0.076410
L_PER:0.079657

