O:0.084181
O:0.086199
O:0.091401
O:0.105474

