O:0.090129
O:0.080977
O:0.089548

