O:0.065716
O:0.072464

