O:0.078702
O:0.083130
O:0.083573
O:0.079327

