L_PER:0.064160
O:0.067902

