O:0.066103
O:0.071083

