O:0.068834
O:0.068575
O:0.071613
O:0.092547

