O:0.083000
O:0.083379
O:0.078361
L_PER:0.077026
L_PER:0.078261

