L_PER:0.078182
L_PER:0.078346
L_PER:0.080277

