O:0.069578
O:0.071224
O:0.072854

