O:0.078061
O:0.084782

