I_LOC:0.068092
L_LOC:0.067693
U_LOC:0.072810
O:0.096825
O:0.107349
O:0.096102
O:0.103750
O:0.095077
O:0.067976
O:0.070848
O:0.071064

