O:0.102472
O:0.102201

