O:0.068491
O:0.073570
O:0.075880

