O:0.082905
O:0.078425
O:0.086371

