B_LOC:0.067676
L_LOC:0.073098
O:0.096054

