O:0.065506
O:0.067829
O:0.069364

