O:0.099604
O:0.093850

