O:0.068966
B_LOC:0.070232
L_LOC:0.072287
O:0.097674

