O:0.075493
O:0.068896
O:0.097444

