I_PER:0.065618
B_PER:0.065957
L_PER:0.065887
O:0.068961
O:0.072623
O:0.091533

