L_LOC:0.077233
L_PER:0.077880

