B_PER:0.064447
L_PER:0.065250

