O:0.104458
O:0.102902

