O:0.088205
O:0.083740
O:0.088799
O:0.066594
O:0.064314
O:0.071474
O:0.078314
B_LOC:0.070739
L_LOC:0.071369
O:0.098090

