O:0.096486
O:0.098630
O:0.099292
O:0.093164

