O:0.100031
O:0.094074

