B_PER:0.065321
L_PER:0.066406
O:0.069748
O:0.085900
O:0.081559
O:0.092404
O:0.087008
O:0.070411
U_TTL:0.069025

