O:0.100185
O:0.101653
O:0.099308
O:0.082515
O:0.076930
O:0.088889
O:0.094463
B_ORG:0.080906
L_ORG:0.077067
O:0.086893

