O:0.103229
O:0.101034

