O:0.068648
O:0.071824
O:0.075354

