O:0.077742
O:0.091398

