O:0.086659
O:0.093133
O:0.089991
O:0.094111
O:0.100036
O:0.086270
O:0.065730
B_LOC:0.068297
L_LOC:0.070423
O:0.099288

