L_LOC:0.076867
L_PER:0.078191

