B_PER:0.069802
L_PER:0.068008
O:0.087450

