O:0.082598
O:0.084199
O:0.084781
O:0.104673

