L_PER:0.076525
L_PER:0.078373

