O:0.089447
O:0.096723
O:0.097762
O:0.105727
O:0.108961
O:0.094758
O:0.094025
B_LOC:0.068576
L_LOC:0.071047
O:0.071409
U_LOC:0.078893
O:0.104078

