O:0.078230
O:0.099303

