L_PER:0.076672
L_PER:0.078451

