B_LOC:0.073894
L_LOC:0.076717
O:0.094754

