O:0.099720
O:0.093850

