O:0.065866
O:0.069448

