B_LOC:0.070675
L_LOC:0.074741
O:0.096365

