L_PER:0.077658
L_PER:0.077715
L_PER:0.078733
L_PER:0.082477

