O:0.082466
O:0.078821
O:0.078826
O:0.084067

