L_LOC:0.077049
L_PER:0.079042

