L_PER:0.076304
L_PER:0.078196

