O:0.067180
O:0.065081
O:0.069666

