O:0.104664
O:0.102091

