O:0.110441
O:0.103295
O:0.094974

