O:0.084931
O:0.079540
O:0.086473

