B_LOC:0.070305
L_LOC:0.073681
O:0.095083

