L_LOC:0.076368
L_PER:0.078221

