O:0.105005
O:0.102112

