O:0.102737
O:0.100947

