O:0.089647
O:0.076847
O:0.085469

