O:0.094760
O:0.105711
O:0.101934
O:0.097572

