L_PER:0.076602
L_PER:0.078235

