O:0.078200
O:0.079522
O:0.065438
O:0.064645
O:0.063075
U_LOC:0.063474
O:0.085399
O:0.064054
B_ORG:0.067831
B_ORG:0.070116
I_ORG:0.068347
L_PER:0.066385
O:0.100133
O:0.096877
O:0.096686
O:0.107546
O:0.088664
O:0.097465
O:0.095698
O:0.083099
O:0.093000
B_LOC:0.072963
L_LOC:0.072510
O:0.100954

