L_PER:0.065252
O:0.066891
O:0.071486

