B_LOC:0.063904
L_LOC:0.064304

