L_LOC:0.076895
L_PER:0.078391

