O:0.075185
O:0.071361

