O:0.103257
O:0.101049

