O:0.067550
O:0.067224

