O:0.092922
O:0.095329
O:0.093003
O:0.082895
O:0.088418
O:0.098435
B_LOC:0.080956
L_LOC:0.080994
O:0.106464
O:0.101852
O:0.093833
O:0.093653

