I_PER:0.065839
B_ORG:0.069009
L_ORG:0.064366

