O:0.103665
O:0.101267
O:0.093225

