O:0.084209
O:0.091973
O:0.087981
O:0.096807
O:0.092018
O:0.082785
O:0.088052
B_LOC:0.082391
L_LOC:0.076828
O:0.100459

