L_LOC:0.067353
O:0.068353

