O:0.084292
L_LOC:0.076003
O:0.077355

