O:0.064677
O:0.063561
O:0.068517

