L_PER:0.077899
L_PER:0.078406
L_PER:0.080606

