O:0.079439
O:0.100900

