O:0.068100
O:0.068324
O:0.080971
O:0.072691

