O:0.081079
O:0.090353

