B_PER:0.068543
O:0.070197
O:0.075979
O:0.098403

