O:0.067970
O:0.071420
O:0.076430

