O:0.069805
O:0.068259
O:0.073137
O:0.076535

