O:0.077198
O:0.092472
O:0.095185
O:0.099517

