O:0.080318
O:0.079670
O:0.064281
O:0.067346
O:0.068369
O:0.082121
B_LOC:0.070279
L_LOC:0.069738
O:0.102863
O:0.094797
O:0.093005
O:0.108265

