O:0.100720
O:0.094244

