L_LOC:0.076408
L_PER:0.077837

