O:0.067812
O:0.071629

