L_PER:0.078021
L_PER:0.077599
L_PER:0.078472
L_PER:0.080205

