O:0.081040
O:0.078674
L_PER:0.077565
L_PER:0.079020

