B_PER:0.064775
L_PER:0.065634

