O:0.079048
L_LOC:0.076875
L_PER:0.078253

