L_PER:0.076351
L_PER:0.078292

