O:0.066280
O:0.071900
O:0.090262

