O:0.087705
O:0.082150
O:0.087837

