O:0.082593
B_TTL:0.078725
L_TTL:0.081159

