B_LOC:0.069295
L_LOC:0.068958
O:0.094602
O:0.079747
O:0.067740
O:0.084325
O:0.068747

