O:0.088495
O:0.082308
O:0.087634

