L_PER:0.065404
O:0.066974

