O:0.086261
O:0.083137
O:0.087869

