O:0.083473
O:0.080214
O:0.079360
L_PER:0.077338
L_PER:0.078255

