L_LOC:0.076467
L_PER:0.077892

