O:0.085848
O:0.093609
O:0.085328
B_LOC:0.070133
L_LOC:0.072731
O:0.100327

