O:0.081374
O:0.095369

