O:0.101676
O:0.101396

