O:0.092418
O:0.104520
O:0.099648
O:0.097808

