B_PER:0.065701
L_PER:0.065583
O:0.068454

