O:0.064563
O:0.069357

