O:0.064470
O:0.069273

