I_LOC:0.067517
I_LOC:0.066086
I_LOC:0.065582
L_LOC:0.066476
O:0.065375

