O:0.101405
O:0.085779
O:0.096173

