O:0.101088
O:0.101297

