O:0.076657
B_LOC:0.064735
L_LOC:0.065701
O:0.081669
U_LOC:0.070187
O:0.099487

