L_LOC:0.076532
L_PER:0.077893

