O:0.104195
O:0.101996

