O:0.084099
O:0.088621
O:0.101439
B_LOC:0.074584
L_PER:0.077062

