O:0.099717
O:0.093889

