O:0.069860
L_PER:0.066308
I_PER:0.065898
B_PER:0.066413
L_PER:0.066309
O:0.084343
O:0.067874
O:0.086543
O:0.075707
O:0.081925
U_LOC:0.072391

