O:0.104787
O:0.102083

