L_LOC:0.077101
L_PER:0.077850

