O:0.099686
O:0.093906

