O:0.080576
O:0.084072
O:0.091321
O:0.079040
L_PER:0.077936

