O:0.091437
O:0.087353
O:0.092739

