O:0.067959
O:0.069265
O:0.071979
O:0.074107

