B_LOC:0.075510
L_LOC:0.078694

