O:0.077389
L_PER:0.078336

