O:0.084813
O:0.090225
O:0.093776
L_PER:0.077579

