B_PER:0.064744
L_PER:0.065387

