L_PER:0.076585
L_PER:0.078737

