O:0.064274
O:0.070809

