B_PER:0.064381
L_PER:0.065291

