O:0.084517
O:0.077464
O:0.066513
O:0.070263
O:0.081557
O:0.082245
B_LOC:0.065743
L_LOC:0.065255
B_PER:0.067347
L_PER:0.068164
O:0.081000
O:0.066826
O:0.074674
O:0.100479
O:0.087179
O:0.077121
O:0.105627
O:0.099601
O:0.087420
O:0.107173

