O:0.067368
O:0.070693
O:0.073121
O:0.075067

