O:0.075168
O:0.094526

