O:0.069229
O:0.070761
O:0.090683
O:0.069577

