O:0.070411
O:0.092990
U_LOC:0.070581
O:0.093296
O:0.099800
O:0.091366

