O:0.068580
B_LOC:0.066967
L_LOC:0.068841
O:0.098143

