O:0.092646
O:0.098458
O:0.085954
O:0.090925

