L_LOC:0.077183
L_PER:0.078496

