O:0.077899
L_PER:0.077034
L_PER:0.078219

