O:0.071152
O:0.073779
O:0.073099
O:0.073850

