L_PER:0.076362
L_PER:0.078323

