O:0.101008
O:0.094380

