O:0.082043
O:0.086613

