O:0.064609
O:0.070835

