O:0.084088
L_LOC:0.076600
L_PER:0.078005

