O:0.082772
O:0.087444
O:0.095600
O:0.102325

