O:0.087976
O:0.082838
L_PER:0.079520
O:0.088812

