O:0.088784
O:0.091440

