B_PER:0.064609
L_PER:0.064526
O:0.064274
O:0.070025

