B_ORG:0.067808
B_PER:0.064103
L_PER:0.065680

