O:0.068305
O:0.083997
O:0.073681
O:0.091587

