O:0.070256
B_PER:0.067181
B_LOC:0.071126
L_LOC:0.073131
O:0.097328

