O:0.090811
O:0.092253
O:0.099671
O:0.099713
O:0.100091
O:0.096637
O:0.069947
O:0.088949
O:0.070013
O:0.082355
O:0.070316
O:0.083452
U_LOC:0.068162
O:0.068825
O:0.096829
O:0.083441
U_TTL:0.065614
I_LOC:0.068620
B_LOC:0.074830
L_LOC:0.077520
O:0.098085

