L_PER:0.078714
L_PER:0.078738
L_PER:0.081088

