L_PER:0.077819
L_PER:0.079329
L_PER:0.080481

