O:0.067150
O:0.073040
O:0.091869

