O:0.082958
L_LOC:0.078355
L_PER:0.077135
O:0.082473

