O:0.095088
O:0.099607
O:0.097298
O:0.092186

