B_PER:0.065175
L_PER:0.065831

