O:0.082057
L_LOC:0.078943
O:0.083845

