L_PER:0.078467
L_PER:0.078269
L_PER:0.080603

