O:0.112322
O:0.099037
O:0.083784
B_LOC:0.071554
L_LOC:0.073847
O:0.098057

