O:0.099337
O:0.093741

