O:0.099576
O:0.093848

