U_TTL:0.067747
B_PER:0.067592
L_PER:0.067752
O:0.073403
O:0.089278

