B_ORG:0.066753
O:0.070602

