L_PER:0.078005
L_PER:0.077879
L_PER:0.078717
L_PER:0.080047

