L_LOC:0.076917
L_PER:0.078209

