O:0.069672
O:0.072522
O:0.074340

