I_LOC:0.070377
O:0.069494

