O:0.080577
O:0.090614
O:0.080154
O:0.073731
O:0.097737
O:0.095122
O:0.097794
O:0.103549
O:0.095729
O:0.088606
O:0.063822
B_PER:0.065382
L_PER:0.065677
B_LOC:0.066763
L_LOC:0.069083
O:0.100762

