O:0.099621
O:0.093889

