O:0.067238
O:0.072750
O:0.090709

