O:0.105476
O:0.102558

