O:0.064535
O:0.068217

