O:0.087916
O:0.091359

