L_LOC:0.078668
L_PER:0.077955

