L_PER:0.077534
L_PER:0.077532
L_PER:0.079378
L_PER:0.080061

