O:0.080312
L_PER:0.076236
L_PER:0.078553

