B_ORG:0.066692
O:0.069585

