L_LOC:0.076660
L_PER:0.078152

