O:0.086496
O:0.083304
B_ORG:0.076273
L_LOC:0.076814
O:0.085751

