O:0.080540
L_LOC:0.078682
O:0.087024

