L_PER:0.076311
L_PER:0.078300

