B_PER:0.067767
O:0.071227
O:0.095328

