O:0.086052
O:0.090118

