O:0.091617
O:0.095339
O:0.105387
O:0.108602
O:0.093177
O:0.111786
O:0.098763
O:0.090833
O:0.088982
B_ORG:0.073071
L_ORG:0.068939
B_LOC:0.069637
L_LOC:0.071145
O:0.098038

