U_LOC:0.066079
O:0.067075
O:0.085785
U_LOC:0.063985
O:0.070299

