O:0.067665
O:0.072823
O:0.071643

