B_PER:0.065786
L_PER:0.065019
O:0.068564
O:0.076894
O:0.090058

