L_LOC:0.076421
L_PER:0.077976

