O:0.081671
O:0.081469
L_PER:0.078141
O:0.084146

