O:0.079418
L_LOC:0.077072
O:0.079643

