O:0.065274
O:0.071789

