O:0.100433
O:0.094108

