O:0.086234
O:0.088477

