O:0.082574
L_PER:0.076329
L_PER:0.078248

