I_PER:0.066200
B_PER:0.066634
L_PER:0.065991
O:0.071504

