O:0.080999
O:0.076874
O:0.092088
O:0.077943
O:0.066372
O:0.069061
B_LOC:0.064056
L_LOC:0.065240
O:0.089768
O:0.106818

