O:0.083899
O:0.085474
O:0.104343

