O:0.084929
O:0.100510
O:0.097355
O:0.110420

