O:0.080996
B_LOC:0.075937
L_LOC:0.076446
O:0.085118
O:0.079092
L_PER:0.077337
L_PER:0.078705

