O:0.078724
O:0.076292
L_LOC:0.076843
L_PER:0.078319

