O:0.069238
O:0.067296
O:0.069932
O:0.073009

