L_PER:0.079543
L_PER:0.077278
O:0.087469
L_PER:0.076924
L_PER:0.079228

