O:0.113876
O:0.114171
O:0.104771
O:0.097732

