O:0.089412
O:0.080699
O:0.085566

