O:0.078034
L_LOC:0.076600
L_PER:0.077768
L_PER:0.078132
O:0.080764

