O:0.084333
O:0.088442

