O:0.077247
O:0.087829
B_LOC:0.073994
L_LOC:0.069455
L_LOC:0.073562
O:0.096828
O:0.097252
O:0.096721
O:0.102982
O:0.090713
O:0.106311
O:0.095400
O:0.095372
O:0.086046
U_LOC:0.069779
O:0.100136

