O:0.068499
O:0.069373

