O:0.077884
L_LOC:0.075758
B_LOC:0.076512
L_LOC:0.080770
L_PER:0.078299

