B_PER:0.066538
B_PER:0.066308
L_PER:0.066543
O:0.083410
O:0.067577

