B_PER:0.064762
L_PER:0.064730
O:0.065022
O:0.070179

