O:0.071302
O:0.072588
O:0.091242

