O:0.092442
O:0.092434
O:0.081932
O:0.098345
O:0.101034
O:0.089736
U_PER:0.071063
O:0.100764
O:0.080742
U_ORG:0.068970
B_LOC:0.069798
L_LOC:0.071691
O:0.095924

