O:0.092904
O:0.103701
O:0.099077
O:0.093329

