O:0.111411
O:0.111460
O:0.099290
O:0.093398

