O:0.099539
O:0.100187
O:0.100960
O:0.099159

