O:0.078242
L_LOC:0.076657
L_PER:0.078599
L_PER:0.077513
O:0.080431

