O:0.079851
O:0.094920
O:0.081908
L_PER:0.077430

