O:0.102139
O:0.092698
O:0.095117
O:0.087150

