O:0.084544
O:0.093248
O:0.094265
O:0.099808
O:0.098000
O:0.093718
O:0.072122
O:0.091681
O:0.075066
B_LOC:0.069290
L_LOC:0.069625
O:0.098315

