O:0.071426
O:0.109336
O:0.099919
O:0.094395

