O:0.082198
O:0.087568

