O:0.080260
O:0.076519
L_PER:0.077487
L_PER:0.077571
L_PER:0.078089
L_PER:0.078080
O:0.082874

