O:0.078107
O:0.098849

