I_PER:0.065976
B_PER:0.065060
L_PER:0.065660
O:0.067786
B_PER:0.065864
L_PER:0.065643
O:0.073089

