L_PER:0.077656
L_PER:0.077617
L_PER:0.078524
L_PER:0.080196

