B_LOC:0.061820
L_LOC:0.065782
B_LOC:0.069164
L_LOC:0.073318
O:0.068239

