O:0.076481
O:0.069256
O:0.104599

