I_PER:0.065949
B_PER:0.065089
L_PER:0.065555
B_LOC:0.068835
L_LOC:0.073424
B_PER:0.066712
L_PER:0.064716
L_PER:0.065074

