O:0.107006
O:0.098468

