O:0.089410
O:0.091765
O:0.088074
O:0.090943

