L_PER:0.078585
L_PER:0.077569
L_PER:0.078434
L_PER:0.080098

