O:0.064171
O:0.066527

