L_PER:0.078026
L_PER:0.078375
L_PER:0.080643

