O:0.089727
O:0.091652
O:0.081196
L_TTL:0.081164

