O:0.095003
O:0.094073
O:0.090313

