L_PER:0.076738
L_PER:0.078214

