O:0.076142
O:0.080454
U_LOC:0.068188
O:0.098128

