O:0.081128
O:0.080036
L_PER:0.076522
L_PER:0.078745

