O:0.067890
O:0.069915
O:0.072108

