O:0.099035
O:0.094866

