L_PER:0.076586
L_PER:0.078098

