O:0.095927
O:0.105103
O:0.105374
O:0.098290

