O:0.081813
O:0.086802

