L_PER:0.076409
L_PER:0.078284

