O:0.077892
O:0.097202

