O:0.083182
O:0.088210
O:0.084574
O:0.092156
U_TTL:0.069336
U_PER:0.065455
O:0.067140
O:0.069512
O:0.083059
O:0.104951
O:0.096453
O:0.094967
O:0.101969
O:0.086282
O:0.071348
O:0.086011
O:0.083327
B_LOC:0.089575
L_LOC:0.087857
O:0.103043

