O:0.085124
O:0.083128
O:0.084952
O:0.105209

