O:0.070367
O:0.096898
U_LOC:0.076228
O:0.077753
O:0.099552

