O:0.079608
O:0.074473
O:0.083363
B_LOC:0.077413
L_LOC:0.070932
L_LOC:0.072759
O:0.095666

