O:0.075804
O:0.092213

