O:0.078175
L_LOC:0.077818
O:0.081300

