O:0.080633
O:0.079985
U_TTL:0.069622
U_PER:0.074751
O:0.073160
O:0.090422
O:0.094938
O:0.087153
O:0.074708
O:0.100403
O:0.079341
O:0.085015
B_LOC:0.078153
L_LOC:0.070360
O:0.101454
O:0.092265
O:0.092732
O:0.108102

