O:0.080693
O:0.076966
O:0.076461
B_LOC:0.076694
L_LOC:0.079317
O:0.078666
L_PER:0.076867
L_PER:0.078289

