O:0.078729
L_LOC:0.076593
L_PER:0.078648
L_PER:0.077518
L_PER:0.079974
O:0.079079

