U_PER:0.069136
O:0.092139
O:0.078071
O:0.069662

