O:0.066216
O:0.072256

