O:0.069501
O:0.069194
O:0.072644
O:0.076854

