O:0.085408
O:0.095217
O:0.086038
O:0.097761

