O:0.098619
O:0.091604
O:0.098402

