O:0.096574
O:0.088750
O:0.084079
O:0.090812

