O:0.099347
O:0.093353
O:0.099189

