O:0.110037
O:0.107070
O:0.103211

