O:0.099369
O:0.094159
O:0.098589

