O:0.100257
O:0.094866
O:0.100479

