O:0.099301
O:0.093047
O:0.098925

