O:0.108715
O:0.108145
O:0.101962

