O:0.087108
O:0.098550

