O:0.099366
O:0.092954
O:0.099011

