O:0.111803
O:0.110235
O:0.103393

