O:0.109859
O:0.107816
O:0.102756

