O:0.096958
O:0.089343
O:0.095160

