O:0.098469
O:0.092572
O:0.098532

