O:0.100396
O:0.095110
O:0.099901

