O:0.120370
O:0.116019
O:0.104024

