O:0.102331
O:0.100804
O:0.097301
O:0.103715

