O:0.096316
O:0.080714
O:0.079189
O:0.092594

