O:0.097929
O:0.094714
O:0.100117

