O:0.102625
O:0.096285
O:0.094421
O:0.101209

