O:0.096754
O:0.099860
O:0.104557
O:0.106592

