O:0.083132
O:0.082861
O:0.085245
O:0.088685

