O:0.093500
O:0.102240
O:0.104168
O:0.101532

