O:0.089177
O:0.100411

