O:0.099573
O:0.100007
O:0.105659

