O:0.092851
O:0.095151

