O:0.106437
O:0.107789
O:0.104019
O:0.106481

