O:0.096776
O:0.094954
O:0.094975
O:0.099806

