O:0.083842
B_PER:0.075697
O:0.091445
O:0.101054
O:0.092631
O:0.100636

