O:0.092627
O:0.107754
O:0.104044
O:0.108361

