O:0.093363
O:0.102986
O:0.102164

