O:0.085597
O:0.097699
O:0.081250
O:0.092995

