O:0.092235
O:0.098471
O:0.098329
O:0.102221

