O:0.085843
O:0.082815
O:0.081158
O:0.079510
O:0.080483
I_ORG:0.075973
B_PER:0.077398
I_PER:0.079059
O:0.088480
O:0.095572

