L_PER:0.077418
I_ORG:0.075975
O:0.078543
O:0.077247
O:0.074859
U_LOC:0.075960
O:0.080306

