O:0.081931
O:0.097012

