O:0.109021
O:0.113693

