O:0.087571
O:0.098796

