O:0.086258
O:0.090191
O:0.100849
O:0.096396

