O:0.101742
O:0.100788

