O:0.093930
O:0.090529
O:0.097016
O:0.091682

