O:0.107087
O:0.104745

