O:0.098005
O:0.095822
O:0.097830
O:0.102850

