I_ORG:0.076032
L_ORG:0.075872
O:0.081173
O:0.098438
O:0.089265
O:0.102830
O:0.104394
O:0.106203
O:0.088789
U_LOC:0.077886

