O:0.102850
O:0.099962
O:0.102915
O:0.104505

