O:0.096606
O:0.081760
O:0.096643
O:0.107424

