O:0.110646
O:0.107423
O:0.104347
O:0.107012

