O:0.086804
O:0.081111
O:0.086380
O:0.096473

