O:0.108964
O:0.109221

