O:0.104263
O:0.106915
O:0.111401
O:0.108979

