O:0.082852
O:0.088791

