O:0.085727
B_PER:0.073356
O:0.078615
O:0.089040
O:0.105004
O:0.111654
O:0.102191

