O:0.091981
O:0.099777
O:0.098216

