O:0.089251
O:0.090378
O:0.096673

