O:0.089491
O:0.102834
O:0.095010
O:0.091965

