O:0.087314
O:0.096482
O:0.100634

