O:0.103026
O:0.083801
O:0.098073

