O:0.107235
O:0.100949
O:0.094703
O:0.106900

