O:0.098640
O:0.086425
O:0.094108

