O:0.085086
O:0.083850
O:0.082947
O:0.086917

