O:0.090851
O:0.093456
O:0.105328
O:0.108903

