O:0.109092
O:0.107777
O:0.110977
O:0.106313

