O:0.084240
I_ORG:0.078581
O:0.083716
O:0.098935
O:0.093940
O:0.097004

