O:0.077429
I_ORG:0.076284
I_ORG:0.076398
O:0.077949
O:0.079214
I_ORG:0.076244
I_ORG:0.076072
U_LOC:0.081334

