O:0.105265
O:0.107000

