O:0.112704
O:0.100145
O:0.106841

