O:0.113451
O:0.112798
O:0.107091
O:0.109401

