O:0.098925
O:0.105306
O:0.108783
O:0.099555

