O:0.086247
U_LOC:0.076998
O:0.098199
O:0.099874
O:0.089504
O:0.094277

