O:0.107984
O:0.112299
O:0.106844

