O:0.103752
O:0.098969
O:0.105303

