O:0.106408
O:0.107351

