O:0.091898
O:0.084709
O:0.101355

