I_ORG:0.075822
O:0.079103

