O:0.094417
B_PER:0.075709
O:0.095241

