O:0.102003
O:0.104574

