O:0.100119
O:0.095098

