O:0.086325
I_ORG:0.078367
O:0.077711
O:0.095572
O:0.104025
O:0.101435

