O:0.100385
O:0.113477
O:0.115157
O:0.106726

