O:0.104320
O:0.105156

