O:0.103139
O:0.100447

