O:0.079365
O:0.086446
O:0.083152

