I_ORG:0.075515
O:0.078338

