O:0.082784
O:0.084585
O:0.089160

