O:0.104433
O:0.105236

