O:0.085553
O:0.092263
O:0.089500

