O:0.097231
O:0.096367

