O:0.102100
O:0.099616

