O:0.092970
O:0.099533
O:0.105347
O:0.104558

