O:0.082758
O:0.082091
O:0.095193

