O:0.078553
I_ORG:0.076605
U_LOC:0.078651
O:0.093482
O:0.102296
O:0.107800
O:0.107473
O:0.106183
O:0.089322
O:0.079124
O:0.079517

