O:0.076685
I_ORG:0.078068
L_ORG:0.077774
O:0.096690

