O:0.104085
O:0.105508

