O:0.078463
O:0.080862

