O:0.098699
O:0.092644
B_PER:0.078823
I_PER:0.081374
O:0.089078
O:0.092958

