O:0.104652
O:0.105688

