O:0.081286
O:0.081455
O:0.085280
O:0.089332

