O:0.083449
O:0.084524
O:0.086520
O:0.088117

