O:0.102893
O:0.100490

