O:0.092011
O:0.092118
O:0.101936

