O:0.104589
O:0.105661

