O:0.087279
O:0.082951
O:0.094384

