O:0.103702
O:0.105091

