O:0.083718
O:0.089718
O:0.091847

