O:0.102002
O:0.099958

