O:0.104025
O:0.105481

