O:0.084558
O:0.086185
O:0.096934

