O:0.103645
O:0.100171

