O:0.081184
O:0.081315
O:0.083460
O:0.086907

