O:0.081380
O:0.087281

