O:0.082540
O:0.088972

