O:0.081864
O:0.086990
O:0.087988

