O:0.099988
O:0.100013

