O:0.076572
O:0.079585

