O:0.081144
I_ORG:0.076292
I_ORG:0.076922
O:0.081663
O:0.094676

