O:0.103821
O:0.100513

