L_PER:0.075230
O:0.078054

