O:0.091527
O:0.092077
O:0.101523

