O:0.078627
O:0.086287

