I_ORG:0.076177
O:0.081565

