O:0.082750
O:0.085231
O:0.088189

