O:0.081691
O:0.077097
O:0.077538
U_LOC:0.074844
O:0.093085

