O:0.087704
O:0.091944

