O:0.085306
O:0.097004

