O:0.083670
O:0.083006
O:0.084360
O:0.089218

