O:0.106786
O:0.107516

