O:0.078669
O:0.076294
B_PER:0.074044
B_PER:0.074325
O:0.078920
O:0.078746
O:0.084220
O:0.088868

