O:0.087636
O:0.091000

