O:0.082875
O:0.082470
O:0.083868
O:0.088598

