O:0.081886
O:0.080890
O:0.089696

