O:0.102033
O:0.100488

