O:0.077532
I_ORG:0.078714
L_ORG:0.079676
O:0.092915
O:0.079168

