O:0.088776
O:0.099697

