O:0.097741
O:0.098461
O:0.105594
O:0.104592

