I_ORG:0.076045
I_ORG:0.076061
I_ORG:0.076001
I_ORG:0.075459
O:0.077646

