O:0.093173
O:0.085258
O:0.099795

