O:0.106468
O:0.106586
O:0.106018
O:0.105189

