O:0.081544
O:0.087659
O:0.090740
O:0.088703

