O: 0.036268 0.215316 0.060108 0.033214 0.055376 0.058160 0.054967 0.040603 0.052218 0.037222 0.025873 0.057955 0.048605 0.065941 0.050873 0.049345 0.057956 
U_PER: 0.166351 0.081042 0.030037 0.056477 0.051365 0.040586 0.051897 0.058219 0.069514 0.051881 0.047052 0.037674 0.059202 0.048785 0.051841 0.041527 0.056551 
O: 0.039393 0.212457 0.035711 0.051809 0.047092 0.048921 0.046370 0.053910 0.050072 0.058209 0.031954 0.054639 0.041311 0.055617 0.046519 0.064500 0.061515 

