O: 0.032504 0.231107 0.058503 0.033396 0.050285 0.059923 0.054644 0.042808 0.053366 0.039527 0.027089 0.056823 0.048295 0.063494 0.042959 0.048087 0.057193 
O: 0.086131 0.084617 0.035766 0.065590 0.053094 0.044608 0.058519 0.064155 0.073947 0.053460 0.059638 0.041859 0.064432 0.051799 0.056543 0.045019 0.060822 
O: 0.039192 0.198545 0.036233 0.055752 0.046421 0.050547 0.046619 0.056351 0.055524 0.057538 0.032048 0.054476 0.043288 0.054588 0.047248 0.064160 0.061470 

