O: 0.032567 0.225457 0.060686 0.031665 0.049722 0.059633 0.055421 0.043959 0.056629 0.039039 0.023449 0.058511 0.048916 0.061951 0.046848 0.047920 0.057628 
O: 0.076433 0.119423 0.032535 0.065814 0.057623 0.041462 0.054489 0.057460 0.081140 0.053117 0.050398 0.038656 0.066921 0.049409 0.055341 0.042176 0.057604 
O: 0.045739 0.177426 0.037202 0.055767 0.047705 0.050207 0.048327 0.050797 0.055551 0.063355 0.032135 0.058722 0.044263 0.054422 0.047759 0.066974 0.063648 

