O: 0.044376 0.127899 0.056900 0.040950 0.068129 0.068326 0.063837 0.046605 0.063620 0.038727 0.027354 0.058490 0.053567 0.061425 0.051433 0.064147 0.064215 
O: 0.062674 0.102181 0.050845 0.045092 0.051763 0.057603 0.067078 0.052377 0.082708 0.046066 0.041260 0.054894 0.063536 0.062622 0.050255 0.046826 0.062220 
O: 0.063447 0.108263 0.031407 0.066065 0.052623 0.043015 0.046063 0.069334 0.055001 0.074593 0.051599 0.051769 0.051008 0.062920 0.057365 0.047564 0.067964 
O: 0.036796 0.184995 0.036021 0.052050 0.048397 0.046885 0.047169 0.046960 0.045662 0.058213 0.041311 0.059888 0.043276 0.060914 0.054925 0.075826 0.060713 

