O: 0.031440 0.215716 0.049324 0.034124 0.055870 0.061350 0.065816 0.042866 0.057021 0.037987 0.025722 0.055815 0.047961 0.066394 0.045043 0.048381 0.059168 
U_PER: 0.126484 0.070886 0.031993 0.062685 0.051986 0.044874 0.052214 0.060088 0.066792 0.055234 0.055618 0.041237 0.066429 0.051459 0.056253 0.045073 0.060695 
O: 0.037953 0.229485 0.034844 0.052779 0.045546 0.049853 0.045863 0.049360 0.051424 0.053341 0.029237 0.054839 0.042476 0.053604 0.046979 0.062506 0.059911 

