O: 0.049255 0.103028 0.039637 0.060344 0.072518 0.052465 0.060311 0.055686 0.062438 0.055949 0.042638 0.040025 0.053963 0.066356 0.067815 0.055572 0.062001 
O: 0.048097 0.098842 0.043471 0.055375 0.039907 0.056299 0.061767 0.056866 0.055180 0.067837 0.038913 0.047353 0.048968 0.062029 0.066966 0.080745 0.071387 
U_TTL: 0.035877 0.071073 0.045832 0.052953 0.102866 0.056068 0.052182 0.050256 0.062990 0.049679 0.029652 0.066454 0.056657 0.056283 0.068700 0.072969 0.069507 
B_LOC: 0.039761 0.113493 0.113365 0.034523 0.047344 0.061916 0.060799 0.051744 0.047367 0.043762 0.029034 0.064732 0.050276 0.053797 0.045115 0.064069 0.078904 
L_LOC: 0.042562 0.046858 0.050103 0.097252 0.070502 0.086977 0.056999 0.057971 0.080349 0.038435 0.043411 0.060702 0.055245 0.049494 0.039388 0.051096 0.072658 
B_PER: 0.050890 0.057339 0.039376 0.067870 0.059066 0.058703 0.061572 0.063994 0.104212 0.064604 0.042975 0.065625 0.050987 0.064882 0.037602 0.047024 0.063278 
L_PER: 0.062247 0.066991 0.039318 0.060599 0.040423 0.053516 0.046466 0.064776 0.051437 0.095732 0.059033 0.055629 0.066608 0.070817 0.046020 0.057389 0.063000 
O: 0.028508 0.186900 0.042361 0.052586 0.043997 0.056738 0.051318 0.060680 0.049979 0.059122 0.035350 0.056241 0.046772 0.060397 0.052200 0.050679 0.066170 
O: 0.035752 0.170566 0.050273 0.039838 0.045133 0.052458 0.055433 0.051333 0.051059 0.057562 0.055038 0.052569 0.052221 0.053637 0.053428 0.055387 0.068311 
O: 0.032053 0.189589 0.047956 0.055225 0.061274 0.056616 0.048267 0.057343 0.047777 0.043212 0.037164 0.053994 0.047061 0.049083 0.045987 0.051698 0.075702 
O: 0.041826 0.161161 0.086054 0.040360 0.048753 0.055430 0.067799 0.047265 0.063614 0.036192 0.037600 0.056341 0.050805 0.049798 0.037561 0.054899 0.064542 
O: 0.045237 0.117585 0.049723 0.050826 0.044169 0.062020 0.059183 0.063988 0.067910 0.052045 0.063173 0.063082 0.055037 0.058883 0.039779 0.042531 0.064830 
O: 0.046059 0.169394 0.034035 0.054076 0.043447 0.050193 0.046033 0.071156 0.060747 0.079129 0.045929 0.055288 0.041580 0.060629 0.033836 0.046050 0.062419 
O: 0.069221 0.133063 0.054162 0.035849 0.039418 0.062896 0.055816 0.055297 0.050920 0.064268 0.036363 0.056200 0.065882 0.056904 0.055635 0.046666 0.061440 
O: 0.036354 0.137970 0.064007 0.043837 0.050195 0.063977 0.063654 0.061237 0.057965 0.046388 0.052296 0.055746 0.045211 0.055404 0.042850 0.054459 0.068448 
O: 0.042357 0.138737 0.037906 0.057143 0.041982 0.060735 0.065083 0.048456 0.056981 0.059275 0.042086 0.057961 0.065878 0.057959 0.051326 0.046212 0.069923 
O: 0.035034 0.152205 0.044453 0.045760 0.053639 0.056541 0.051316 0.056219 0.052754 0.053734 0.036924 0.057994 0.051880 0.059337 0.058850 0.062977 0.070383 
O: 0.030620 0.146739 0.059158 0.044136 0.055768 0.051820 0.069174 0.061437 0.052513 0.050812 0.037076 0.052812 0.056047 0.054561 0.054596 0.056719 0.066014 
O: 0.031548 0.111779 0.039060 0.067341 0.048042 0.056013 0.061469 0.052610 0.048061 0.062717 0.042564 0.057758 0.056013 0.064760 0.060856 0.072512 0.066897 
O: 0.033390 0.111529 0.040622 0.044148 0.063815 0.057135 0.052252 0.054453 0.048201 0.055504 0.048927 0.069872 0.048260 0.053581 0.062198 0.082566 0.073548 
O: 0.033363 0.102440 0.050408 0.033297 0.083789 0.062487 0.052108 0.069886 0.046193 0.044056 0.035604 0.081165 0.050793 0.054604 0.058024 0.074391 0.067391 
O: 0.053816 0.153835 0.039690 0.051054 0.051370 0.061836 0.034792 0.071531 0.047027 0.051224 0.047772 0.055037 0.051656 0.045322 0.055463 0.057223 0.071352 
O: 0.047933 0.127937 0.042176 0.056072 0.054603 0.067937 0.044945 0.048020 0.071080 0.043181 0.032891 0.060165 0.062198 0.045348 0.047645 0.079375 0.068494 

