O: 0.056612 0.111956 0.054342 0.057161 0.068959 0.044870 0.073492 0.046613 0.053932 0.047367 0.039142 0.037040 0.071710 0.059653 0.065135 0.049852 0.062164 
O: 0.040365 0.123734 0.051852 0.058319 0.046071 0.064208 0.073081 0.050568 0.048670 0.052154 0.032989 0.070612 0.041084 0.059413 0.055606 0.053454 0.077820 
O: 0.033151 0.118995 0.040077 0.054353 0.041329 0.062335 0.070719 0.057731 0.047661 0.048851 0.045894 0.088309 0.058508 0.058043 0.047511 0.055379 0.071154 
O: 0.036267 0.108238 0.041756 0.051641 0.041830 0.056840 0.061839 0.083735 0.051342 0.047177 0.047376 0.089557 0.046592 0.055246 0.041790 0.060482 0.078293 
O: 0.052019 0.116791 0.065091 0.037983 0.051016 0.061494 0.049381 0.083125 0.052571 0.047814 0.037851 0.059227 0.064627 0.048965 0.041922 0.056423 0.073699 
O: 0.037370 0.165620 0.055561 0.042000 0.067857 0.074666 0.052540 0.055934 0.043887 0.040874 0.035515 0.061250 0.047681 0.048333 0.044047 0.053441 0.073421 
B_ORG: 0.032443 0.084147 0.043327 0.051730 0.045060 0.079053 0.142777 0.049645 0.054219 0.033521 0.029413 0.072089 0.050197 0.054934 0.055556 0.053957 0.067933 
L_ORG: 0.038742 0.061519 0.050592 0.063801 0.040623 0.050518 0.054050 0.114555 0.057904 0.051753 0.058963 0.068991 0.068063 0.054411 0.041899 0.050398 0.073219 
O: 0.033738 0.141989 0.051048 0.052131 0.048500 0.057464 0.056883 0.053759 0.053963 0.057447 0.043143 0.069296 0.043672 0.058717 0.042769 0.064999 0.070482 
O: 0.030580 0.129035 0.061894 0.052344 0.056216 0.056797 0.062065 0.056732 0.054424 0.048617 0.044295 0.067827 0.048856 0.055472 0.048982 0.057034 0.068827 
B_LOC: 0.036120 0.096203 0.130404 0.037006 0.038843 0.069583 0.068081 0.046919 0.054849 0.042775 0.029451 0.078245 0.050790 0.056443 0.042910 0.054648 0.066730 
L_LOC: 0.044958 0.058864 0.049891 0.106922 0.047109 0.072207 0.066815 0.075199 0.058356 0.045551 0.057735 0.062292 0.053523 0.044992 0.039755 0.046709 0.069123 
O: 0.031923 0.132724 0.047693 0.058608 0.053841 0.070586 0.055849 0.060984 0.070666 0.042130 0.034065 0.084887 0.045128 0.052075 0.037336 0.053564 0.067940 
O: 0.035559 0.092114 0.061978 0.038664 0.052811 0.058178 0.056576 0.062815 0.074647 0.048124 0.058866 0.071784 0.070427 0.067828 0.044260 0.046375 0.058996 
U_LOC: 0.048522 0.064083 0.047575 0.071251 0.049872 0.048857 0.058137 0.084101 0.054341 0.079849 0.073845 0.056708 0.048705 0.061799 0.039001 0.048923 0.064430 
O: 0.037029 0.145244 0.054434 0.043494 0.038458 0.065216 0.042624 0.061199 0.054829 0.068725 0.033478 0.063169 0.059144 0.064580 0.056053 0.048620 0.063705 
O: 0.041536 0.136831 0.051857 0.039388 0.051949 0.074047 0.056926 0.043399 0.060140 0.061538 0.046097 0.062793 0.047512 0.059802 0.042179 0.057274 0.066732 
O: 0.045891 0.153333 0.031323 0.054943 0.038416 0.067490 0.062690 0.071227 0.045828 0.052853 0.041596 0.055019 0.065525 0.056214 0.043573 0.044264 0.069814 
O: 0.034898 0.131006 0.055933 0.052006 0.046728 0.051411 0.066181 0.061779 0.052505 0.048143 0.042040 0.057683 0.056036 0.056934 0.060253 0.057484 0.068981 
O: 0.037353 0.121574 0.039292 0.044439 0.075291 0.053407 0.054653 0.060506 0.067145 0.059210 0.034580 0.063040 0.049832 0.058927 0.050663 0.055675 0.074413 
O: 0.045216 0.088828 0.105924 0.032129 0.038876 0.055703 0.061491 0.053797 0.045822 0.069267 0.042859 0.069500 0.056119 0.052652 0.044933 0.060177 0.076707 
O: 0.031453 0.152688 0.054193 0.063770 0.047135 0.082488 0.051140 0.085463 0.048612 0.041658 0.022220 0.076800 0.046427 0.049407 0.035007 0.045915 0.065623 
O: 0.042881 0.152778 0.027732 0.073352 0.055811 0.063302 0.044185 0.071937 0.061522 0.048943 0.056193 0.052565 0.045135 0.043883 0.053155 0.043652 0.062972 
O: 0.039913 0.160105 0.043334 0.050668 0.052691 0.061249 0.045703 0.050720 0.058172 0.046089 0.038831 0.052798 0.058858 0.048481 0.057589 0.072431 0.062368 

