O: 0.049334 0.107377 0.056013 0.051327 0.057240 0.044645 0.059689 0.047554 0.063165 0.058119 0.045744 0.054154 0.053267 0.058422 0.085703 0.048053 0.060194 
O: 0.038396 0.132983 0.044728 0.058458 0.044717 0.058173 0.052297 0.063856 0.044907 0.055370 0.047291 0.057348 0.046250 0.055848 0.056436 0.063589 0.079352 
O: 0.034159 0.168230 0.054490 0.034217 0.061516 0.067294 0.057612 0.065824 0.050256 0.042586 0.023835 0.066396 0.049843 0.056743 0.036477 0.061577 0.068946 
B_TTL: 0.063276 0.057575 0.033862 0.062040 0.081369 0.050624 0.049593 0.069852 0.061501 0.054439 0.064073 0.047983 0.065151 0.046063 0.087253 0.046422 0.058924 
L_TTL: 0.049497 0.125642 0.039588 0.055802 0.052278 0.053389 0.043756 0.053671 0.047945 0.052342 0.036049 0.059015 0.045159 0.054527 0.046697 0.124044 0.060599 

