O: 0.033553 0.186286 0.054718 0.036547 0.050492 0.064498 0.062489 0.044198 0.069046 0.041022 0.024814 0.057136 0.048526 0.064989 0.051412 0.049583 0.060692 
O: 0.077648 0.113381 0.032314 0.061512 0.052859 0.045358 0.052102 0.059915 0.079060 0.056388 0.053826 0.040958 0.061674 0.055429 0.054082 0.044332 0.059163 
O: 0.041988 0.184670 0.036965 0.055228 0.047601 0.052310 0.048233 0.052387 0.055151 0.062621 0.032345 0.056035 0.044400 0.056192 0.047692 0.064323 0.061859 

