U_TTL: 0.038625 0.056657 0.051429 0.057960 0.100138 0.056801 0.058596 0.069840 0.058374 0.062848 0.047730 0.056243 0.048034 0.067192 0.043090 0.058104 0.068339 
B_PER: 0.067352 0.052221 0.052889 0.049594 0.061884 0.065730 0.049698 0.057744 0.101453 0.059981 0.044918 0.058568 0.051777 0.069081 0.045547 0.051804 0.059759 
L_PER: 0.075515 0.049959 0.040740 0.062436 0.042446 0.047732 0.050978 0.068328 0.065004 0.111700 0.043256 0.055245 0.051117 0.079703 0.044308 0.049455 0.062078 
O: 0.029642 0.189848 0.043895 0.044885 0.037315 0.057027 0.047412 0.058427 0.052488 0.078074 0.029775 0.060824 0.040672 0.067535 0.042561 0.054297 0.065322 
O: 0.033456 0.131882 0.043690 0.062895 0.041810 0.051104 0.052509 0.054726 0.050163 0.062254 0.051649 0.059561 0.056489 0.063924 0.057472 0.058581 0.067836 
O: 0.036907 0.171536 0.043521 0.043778 0.049098 0.051706 0.054924 0.055567 0.045300 0.053138 0.046022 0.060147 0.048737 0.056644 0.053125 0.057477 0.072374 
O: 0.033071 0.135936 0.043501 0.046255 0.069737 0.057709 0.065073 0.046462 0.044097 0.046322 0.042747 0.061973 0.059468 0.055976 0.068093 0.057682 0.065898 
O: 0.038917 0.127733 0.062266 0.053423 0.052344 0.053733 0.049254 0.055493 0.043569 0.046604 0.039883 0.069822 0.056263 0.052160 0.053954 0.065096 0.079485 
O: 0.027939 0.121813 0.084899 0.048775 0.062083 0.076490 0.060042 0.053205 0.057732 0.039892 0.025613 0.064182 0.050048 0.054514 0.037863 0.065393 0.069519 
O: 0.042400 0.060992 0.043466 0.086204 0.043743 0.071538 0.060162 0.078225 0.069602 0.058290 0.059453 0.055176 0.055391 0.050783 0.046299 0.052510 0.065766 
O: 0.034851 0.137933 0.040600 0.049037 0.052228 0.061012 0.040747 0.067909 0.053220 0.068109 0.039980 0.069711 0.047405 0.056098 0.040149 0.068624 0.072385 
O: 0.027927 0.151352 0.063744 0.050215 0.048283 0.053071 0.062675 0.049873 0.049690 0.055851 0.043659 0.068115 0.054060 0.058389 0.040846 0.048854 0.073397 
O: 0.036977 0.132727 0.058356 0.052829 0.042000 0.057321 0.066839 0.067356 0.044406 0.048761 0.042387 0.065651 0.067122 0.052162 0.044967 0.050488 0.069650 
O: 0.030779 0.125787 0.052318 0.055253 0.044083 0.066724 0.059135 0.065941 0.050096 0.050951 0.046982 0.074817 0.051209 0.052593 0.041070 0.056508 0.075755 
O: 0.040250 0.141633 0.046569 0.059160 0.038884 0.052330 0.051356 0.053917 0.055817 0.047184 0.047159 0.090202 0.055178 0.047377 0.042908 0.056438 0.073638 
O: 0.026779 0.162456 0.042599 0.057369 0.064082 0.055707 0.052207 0.060985 0.042384 0.040310 0.039652 0.074625 0.053394 0.049477 0.043965 0.064053 0.069956 
B_LOC: 0.031347 0.094678 0.122650 0.032875 0.054102 0.057007 0.080268 0.053263 0.053546 0.031906 0.036573 0.081938 0.056533 0.059878 0.045835 0.044091 0.063509 
L_LOC: 0.041278 0.053620 0.045450 0.121235 0.049668 0.051328 0.064288 0.085358 0.047183 0.056484 0.064959 0.045617 0.062006 0.054815 0.040944 0.052911 0.062856 
O: 0.032042 0.190969 0.033190 0.065694 0.044558 0.062841 0.040371 0.061079 0.054452 0.053471 0.033466 0.061808 0.039863 0.057282 0.050120 0.056589 0.062206 
O: 0.036999 0.155560 0.049374 0.039737 0.058849 0.056534 0.060212 0.043767 0.057806 0.053831 0.043535 0.061183 0.046646 0.055781 0.044121 0.068873 0.067191 
O: 0.039205 0.115598 0.048295 0.056238 0.047295 0.062710 0.062025 0.061707 0.051147 0.047696 0.037219 0.061007 0.061705 0.061046 0.055610 0.056303 0.075195 
U_TTL: 0.051992 0.100188 0.040048 0.045547 0.131047 0.057414 0.037790 0.049141 0.075946 0.039933 0.028051 0.064272 0.044046 0.054442 0.062651 0.055321 0.062171 
U_PER: 0.091448 0.080309 0.039344 0.060790 0.057705 0.044372 0.063698 0.056321 0.070306 0.057772 0.049145 0.046905 0.055762 0.051432 0.048834 0.058945 0.066911 

