U_TTL: 0.045346 0.084413 0.059902 0.053677 0.117875 0.054030 0.061972 0.046565 0.069123 0.042755 0.036518 0.052598 0.053721 0.057515 0.059692 0.045339 0.058959 
B_PER: 0.068414 0.056025 0.061986 0.051939 0.043590 0.058843 0.059292 0.052872 0.109151 0.048895 0.047963 0.062193 0.045754 0.064493 0.045498 0.049139 0.073954 
L_PER: 0.053669 0.050754 0.045302 0.067973 0.037590 0.047954 0.055051 0.062013 0.064938 0.101317 0.045379 0.059815 0.059154 0.075417 0.046751 0.065847 0.061075 
O: 0.026742 0.150940 0.044918 0.049417 0.064090 0.055846 0.046432 0.066090 0.043814 0.064348 0.039185 0.066629 0.041123 0.064794 0.045188 0.067034 0.063409 
B_LOC: 0.027959 0.087509 0.092758 0.040771 0.051378 0.061575 0.094461 0.044903 0.061265 0.049028 0.033443 0.069820 0.053835 0.066465 0.057778 0.044869 0.062183 
L_LOC: 0.056206 0.064021 0.041876 0.095524 0.039635 0.060343 0.057526 0.090158 0.056491 0.060341 0.048459 0.059200 0.069031 0.053090 0.038869 0.041421 0.067808 
O: 0.032027 0.194760 0.034927 0.061054 0.045613 0.056732 0.047464 0.064756 0.054344 0.055137 0.042412 0.061434 0.039040 0.054575 0.033795 0.055526 0.066405 
O: 0.036890 0.182980 0.047144 0.044133 0.041726 0.061925 0.050541 0.055550 0.064465 0.055927 0.036805 0.066552 0.050429 0.048289 0.043764 0.049480 0.063400 
O: 0.034804 0.135327 0.042771 0.052986 0.045259 0.060399 0.054135 0.052936 0.051466 0.053332 0.045356 0.064412 0.055559 0.057303 0.059563 0.057458 0.076933 
O: 0.041490 0.166521 0.044644 0.048951 0.047020 0.052790 0.056711 0.058668 0.053142 0.048615 0.043006 0.064231 0.049133 0.050856 0.039828 0.054213 0.080181 
O: 0.037279 0.127014 0.049630 0.045749 0.045654 0.060311 0.054011 0.069280 0.048509 0.048560 0.070803 0.066910 0.057044 0.049934 0.043034 0.052191 0.074088 
O: 0.034897 0.175343 0.057932 0.050285 0.045209 0.044277 0.058547 0.056751 0.048117 0.047547 0.056101 0.048943 0.050550 0.050572 0.041630 0.064555 0.068743 
O: 0.030247 0.207024 0.057750 0.042795 0.045081 0.056666 0.063080 0.047849 0.048207 0.044835 0.031349 0.054122 0.053393 0.051042 0.051448 0.049850 0.065260 
O: 0.032118 0.183857 0.041792 0.057051 0.046387 0.058510 0.062298 0.058589 0.040171 0.045102 0.034902 0.054315 0.050482 0.053711 0.053007 0.058006 0.069702 
O: 0.038083 0.198312 0.035879 0.057135 0.046725 0.050665 0.047618 0.053056 0.047110 0.045883 0.035367 0.060795 0.050402 0.048476 0.044063 0.071539 0.068893 
O: 0.036417 0.175666 0.040967 0.039074 0.063880 0.053626 0.069114 0.053101 0.052020 0.044906 0.033362 0.057718 0.054315 0.052077 0.048263 0.056060 0.069436 
O: 0.047051 0.112952 0.050929 0.046028 0.046180 0.056584 0.056502 0.061802 0.060629 0.054071 0.047756 0.067297 0.051206 0.054241 0.048094 0.065669 0.073008 
O: 0.038258 0.120039 0.046590 0.051937 0.061790 0.067356 0.055465 0.056698 0.059186 0.049362 0.028897 0.072892 0.052132 0.057927 0.045962 0.063798 0.071711 
O: 0.042524 0.125163 0.040478 0.056355 0.048281 0.068756 0.056337 0.062220 0.058133 0.059142 0.047442 0.059436 0.047416 0.058507 0.042389 0.054092 0.073329 
O: 0.040458 0.162854 0.044053 0.044501 0.045535 0.057084 0.058537 0.053576 0.054422 0.053953 0.044398 0.060413 0.054870 0.055962 0.050369 0.056240 0.062776 
O: 0.025221 0.162958 0.074659 0.040993 0.046878 0.049991 0.055456 0.059597 0.045983 0.045850 0.048919 0.064016 0.048865 0.051938 0.053543 0.053556 0.071577 
O: 0.041529 0.114952 0.060326 0.051305 0.046152 0.073728 0.054165 0.058346 0.048729 0.046306 0.037257 0.058075 0.061642 0.052446 0.051521 0.074325 0.069196 
O: 0.035523 0.149796 0.057804 0.032674 0.060183 0.086165 0.053838 0.066278 0.055149 0.042049 0.026124 0.069584 0.046326 0.055436 0.040548 0.058586 0.063937 
O: 0.053034 0.070649 0.034931 0.072358 0.059494 0.059733 0.053618 0.077948 0.070542 0.056332 0.074592 0.042666 0.063983 0.045855 0.060131 0.046481 0.057654 
O: 0.040125 0.193725 0.037878 0.054312 0.046810 0.059005 0.041922 0.056315 0.049662 0.053232 0.030226 0.059312 0.043798 0.052122 0.045465 0.079592 0.056499 

