O: 0.033670 0.203497 0.056450 0.034210 0.052398 0.062261 0.057427 0.045132 0.058294 0.040528 0.026008 0.060775 0.050312 0.065872 0.045646 0.049058 0.058461 
O: 0.078082 0.121212 0.033111 0.061050 0.055534 0.043234 0.055071 0.060817 0.067454 0.055596 0.057878 0.041336 0.061687 0.051386 0.054781 0.042378 0.059393 
O: 0.038936 0.204930 0.035859 0.052406 0.045881 0.051260 0.045827 0.052726 0.055481 0.055482 0.033180 0.058079 0.043195 0.054110 0.047164 0.064488 0.060997 

