O: 0.046299 0.135141 0.073519 0.041799 0.072472 0.050082 0.075006 0.043878 0.065836 0.039198 0.034317 0.051662 0.056414 0.056241 0.052283 0.046916 0.058939 
U_LOC: 0.041870 0.047154 0.050125 0.065203 0.043279 0.061292 0.065190 0.070461 0.057965 0.057891 0.106157 0.052114 0.047084 0.071873 0.044556 0.053185 0.064599 
I_PER: 0.030566 0.089858 0.051932 0.046315 0.056134 0.082493 0.054207 0.057839 0.072239 0.054526 0.029620 0.083468 0.042248 0.088650 0.041685 0.055339 0.062882 
L_PER: 0.060630 0.050295 0.058778 0.047626 0.038346 0.053685 0.052449 0.075622 0.061841 0.093377 0.053974 0.054141 0.065613 0.068442 0.051328 0.049479 0.064374 
O: 0.036088 0.171194 0.040358 0.050182 0.041153 0.069307 0.052820 0.057300 0.047597 0.063127 0.031978 0.066228 0.045912 0.060245 0.036848 0.059410 0.070254 
O: 0.033467 0.138391 0.038307 0.060190 0.045644 0.064942 0.060144 0.075058 0.051267 0.056094 0.040418 0.060902 0.051958 0.059314 0.049984 0.047303 0.066618 
O: 0.029577 0.138315 0.054649 0.048798 0.045327 0.059553 0.063826 0.065297 0.058735 0.049738 0.043580 0.059345 0.051960 0.057169 0.050363 0.049377 0.074390 
O: 0.043895 0.122833 0.045495 0.055505 0.040549 0.055353 0.056752 0.059286 0.056710 0.055983 0.041065 0.057741 0.072578 0.057083 0.045074 0.064541 0.069558 
O: 0.039578 0.159227 0.042836 0.049295 0.058980 0.055762 0.051021 0.055287 0.050596 0.052623 0.037033 0.058212 0.048790 0.058135 0.047736 0.064342 0.070547 
O: 0.033254 0.155024 0.050023 0.038345 0.057691 0.054068 0.073073 0.049537 0.042112 0.045215 0.040457 0.063147 0.055074 0.060488 0.053572 0.061148 0.067772 
O: 0.026503 0.119399 0.052341 0.054190 0.045645 0.059316 0.061807 0.057985 0.051874 0.054779 0.043610 0.073777 0.049486 0.058645 0.055227 0.064969 0.070447 
O: 0.046870 0.098513 0.035133 0.051635 0.052720 0.060132 0.050930 0.062833 0.056563 0.072373 0.048848 0.072462 0.054132 0.057946 0.042548 0.061320 0.075042 
O: 0.054085 0.167623 0.045329 0.042256 0.046662 0.060445 0.045036 0.065518 0.045518 0.060196 0.034198 0.061803 0.051302 0.050829 0.037497 0.058254 0.073447 
O: 0.034645 0.172125 0.043440 0.046150 0.050169 0.070595 0.053676 0.053926 0.049458 0.043507 0.050671 0.067039 0.052244 0.049685 0.042609 0.054280 0.065782 
O: 0.041104 0.138867 0.051451 0.056594 0.049880 0.052290 0.058999 0.060110 0.053284 0.050474 0.040425 0.058425 0.055092 0.051554 0.046777 0.066332 0.068342 
O: 0.031855 0.156910 0.051218 0.052703 0.062181 0.057835 0.049534 0.060768 0.047876 0.049418 0.036511 0.063770 0.051363 0.052607 0.047367 0.060312 0.067772 
B_LOC: 0.031364 0.119100 0.138753 0.030211 0.049346 0.060238 0.065938 0.048746 0.061204 0.034306 0.040649 0.072987 0.049895 0.055067 0.037732 0.042393 0.062072 
L_LOC: 0.050239 0.060038 0.044656 0.119900 0.045245 0.066466 0.060935 0.085307 0.055880 0.060359 0.058028 0.043988 0.049251 0.054551 0.039206 0.043922 0.062028 
O: 0.035141 0.188503 0.035768 0.064744 0.048821 0.062669 0.040956 0.061493 0.058562 0.053014 0.034903 0.057692 0.041629 0.055483 0.049964 0.049528 0.061131 
O: 0.028578 0.158125 0.052147 0.045287 0.048812 0.055562 0.066309 0.053736 0.053700 0.051987 0.044765 0.046109 0.050744 0.067125 0.046641 0.066321 0.064051 
O: 0.043053 0.137332 0.040328 0.070499 0.043151 0.060856 0.058243 0.049989 0.046360 0.055980 0.033529 0.062135 0.062673 0.059777 0.055033 0.051853 0.069209 
O: 0.036064 0.179691 0.043038 0.036554 0.064334 0.066775 0.042075 0.069137 0.051952 0.043159 0.026736 0.068601 0.048583 0.055663 0.047867 0.056662 0.063109 
O: 0.053398 0.159796 0.028574 0.053132 0.059919 0.056572 0.047662 0.072073 0.047128 0.056501 0.044992 0.041412 0.048356 0.049734 0.059584 0.054415 0.066752 
O: 0.054925 0.169808 0.039719 0.047128 0.054539 0.056236 0.041027 0.048016 0.059081 0.042044 0.043641 0.052256 0.054583 0.043860 0.052158 0.077472 0.063507 

