O: 0.040795 0.127958 0.062954 0.049316 0.053461 0.048621 0.055092 0.049067 0.057600 0.053366 0.045161 0.043141 0.085530 0.053880 0.066588 0.052257 0.055214 
O: 0.034844 0.144123 0.060824 0.034583 0.065766 0.068199 0.057258 0.052138 0.073644 0.042331 0.046294 0.049904 0.038712 0.066039 0.046422 0.051654 0.067264 
O: 0.050551 0.078705 0.043071 0.067637 0.039566 0.050160 0.078833 0.055351 0.068389 0.078764 0.056718 0.040264 0.059450 0.059621 0.051926 0.059289 0.061705 
O: 0.031999 0.140297 0.042594 0.046125 0.055490 0.053234 0.046587 0.067313 0.051065 0.063363 0.039417 0.085749 0.042746 0.058931 0.039048 0.068264 0.067777 
B_LOC: 0.033922 0.078873 0.118945 0.043738 0.050990 0.063985 0.061273 0.051663 0.047587 0.045736 0.031930 0.078938 0.058780 0.054290 0.056853 0.053573 0.068925 
I_LOC: 0.030092 0.098494 0.056985 0.067007 0.047207 0.099801 0.064371 0.063314 0.055530 0.038417 0.026630 0.085027 0.043684 0.056170 0.035697 0.052223 0.079354 
L_LOC: 0.048019 0.054232 0.033595 0.102860 0.039334 0.068261 0.056365 0.085623 0.073086 0.055690 0.062033 0.057855 0.061660 0.051666 0.038476 0.043516 0.067730 
O: 0.042608 0.121558 0.046525 0.049467 0.045601 0.071431 0.047144 0.065513 0.054750 0.062040 0.042326 0.065397 0.051542 0.062832 0.045458 0.054525 0.071283 
O: 0.038033 0.132305 0.042275 0.051267 0.045063 0.060880 0.061688 0.067706 0.058305 0.058046 0.046905 0.051529 0.062487 0.061271 0.044461 0.051723 0.066054 
O: 0.033026 0.133696 0.053791 0.045089 0.054352 0.053116 0.069037 0.055587 0.051879 0.051786 0.045418 0.054126 0.054886 0.061048 0.054863 0.057365 0.070935 
O: 0.035405 0.138402 0.045892 0.053856 0.053603 0.057304 0.052605 0.052760 0.048294 0.049887 0.047692 0.063143 0.049404 0.055077 0.065510 0.052384 0.078779 
O: 0.037469 0.151614 0.043788 0.046399 0.055180 0.052552 0.053869 0.053135 0.052692 0.050504 0.039378 0.062898 0.050849 0.058035 0.041824 0.068812 0.081002 
O: 0.044039 0.146469 0.037978 0.044913 0.042070 0.057406 0.056263 0.065012 0.045805 0.050411 0.047823 0.052042 0.058937 0.057312 0.049359 0.063709 0.080453 
O: 0.030969 0.154286 0.048392 0.049402 0.050133 0.062743 0.054815 0.062930 0.061840 0.047238 0.036573 0.061589 0.049910 0.049706 0.049630 0.051787 0.078054 
O: 0.034327 0.147505 0.046257 0.049956 0.044275 0.053339 0.049524 0.060378 0.047062 0.059330 0.051058 0.061318 0.056376 0.057954 0.048300 0.059956 0.073084 
O: 0.049221 0.136795 0.032934 0.051810 0.046657 0.061189 0.056092 0.059423 0.055468 0.058143 0.047176 0.057366 0.054155 0.060010 0.046160 0.052559 0.074841 
O: 0.078543 0.123283 0.050453 0.035314 0.048465 0.055035 0.050901 0.058485 0.056947 0.061782 0.041323 0.060556 0.067301 0.049735 0.037805 0.056798 0.067273 
O: 0.028703 0.192057 0.043659 0.048519 0.045250 0.057529 0.056293 0.056825 0.044343 0.048620 0.045826 0.054897 0.050567 0.056405 0.046883 0.058379 0.065243 
O: 0.040575 0.160768 0.048697 0.047014 0.049969 0.056878 0.053654 0.054436 0.052611 0.047152 0.049487 0.061125 0.050369 0.049486 0.054481 0.054158 0.069139 
O: 0.030145 0.190690 0.057391 0.031303 0.055972 0.068784 0.053543 0.061003 0.053017 0.043075 0.023956 0.065967 0.050116 0.057312 0.042576 0.050476 0.064674 
U_LOC: 0.059804 0.066318 0.036097 0.061045 0.053461 0.049443 0.048204 0.073278 0.058708 0.054055 0.149022 0.038600 0.055969 0.043719 0.057586 0.038769 0.055919 
O: 0.043508 0.197326 0.041917 0.049797 0.045783 0.061946 0.043125 0.052966 0.055208 0.048385 0.033985 0.052381 0.046596 0.051867 0.046913 0.070289 0.058008 

