O: 0.038997 0.079339 0.045469 0.073612 0.045519 0.051325 0.067077 0.065743 0.066976 0.062465 0.061685 0.055540 0.064659 0.060196 0.047392 0.050138 0.063867 
O: 0.032966 0.153744 0.042314 0.055405 0.053405 0.054183 0.046218 0.067265 0.049098 0.071128 0.048961 0.058823 0.040570 0.060833 0.043527 0.059824 0.061736 
O: 0.024557 0.273094 0.037465 0.041019 0.047003 0.048107 0.049079 0.042521 0.044841 0.046225 0.033172 0.045564 0.052227 0.058997 0.047596 0.050748 0.057785 
O: 0.041985 0.167470 0.040572 0.050070 0.041489 0.050162 0.062981 0.056361 0.051932 0.051915 0.038567 0.048906 0.063836 0.055033 0.060118 0.052520 0.066081 
O: 0.049716 0.154190 0.044867 0.059232 0.066565 0.051475 0.048811 0.053729 0.051158 0.051105 0.029990 0.050630 0.051982 0.059726 0.041116 0.058632 0.077077 
O: 0.048700 0.159330 0.048419 0.048266 0.054782 0.052533 0.065782 0.052780 0.048269 0.054909 0.032743 0.044262 0.052229 0.057381 0.045877 0.064298 0.069441 
O: 0.042995 0.170627 0.047814 0.061287 0.056964 0.060614 0.050591 0.049628 0.050350 0.050025 0.029879 0.061951 0.047452 0.053347 0.043235 0.055403 0.067839 
O: 0.030414 0.198870 0.037083 0.049897 0.039809 0.058961 0.052372 0.049755 0.051817 0.043577 0.037248 0.063624 0.053218 0.053287 0.059344 0.052112 0.068610 
O: 0.041008 0.158166 0.038507 0.043959 0.051906 0.054581 0.049173 0.057820 0.046098 0.051736 0.053196 0.055083 0.044832 0.051029 0.047691 0.071261 0.083954 
O: 0.036841 0.135184 0.049056 0.041927 0.072350 0.065199 0.063250 0.055337 0.063517 0.041804 0.035971 0.072048 0.043335 0.055666 0.041468 0.057526 0.069521 
B_LOC: 0.046813 0.048040 0.110977 0.042528 0.040391 0.059363 0.053841 0.060062 0.055571 0.059601 0.083949 0.048606 0.072472 0.053142 0.048942 0.052230 0.063470 
I_LOC: 0.038078 0.146675 0.036703 0.040400 0.043989 0.120897 0.043064 0.060813 0.050708 0.052798 0.036556 0.059717 0.042329 0.054816 0.050389 0.056315 0.065752 
L_LOC: 0.043278 0.106241 0.028519 0.102930 0.047698 0.059132 0.057382 0.062893 0.058393 0.050751 0.036214 0.062803 0.057252 0.048661 0.050461 0.064069 0.063322 

