O: 0.035557 0.233040 0.055761 0.029703 0.045133 0.057690 0.056031 0.046320 0.056319 0.040542 0.025173 0.058313 0.051054 0.062253 0.039924 0.048482 0.058706 
O: 0.103264 0.084378 0.032128 0.064078 0.056067 0.042559 0.050712 0.057756 0.066126 0.057865 0.063231 0.041127 0.069625 0.050910 0.057449 0.042188 0.060535 
O: 0.041729 0.212228 0.036195 0.053629 0.045954 0.049776 0.047533 0.048962 0.056551 0.053587 0.032904 0.055661 0.045379 0.050585 0.047784 0.059174 0.062370 

