B_TTL: 0.069937 0.067460 0.036507 0.059389 0.087241 0.045717 0.051042 0.053621 0.064193 0.055034 0.042408 0.039571 0.056209 0.050071 0.126658 0.041854 0.053088 
L_TTL: 0.054802 0.120369 0.039778 0.057980 0.045927 0.059024 0.048597 0.055319 0.055253 0.049571 0.037599 0.055776 0.041619 0.055011 0.051871 0.104155 0.067349 

