O: 0.036522 0.165342 0.068484 0.037105 0.054798 0.058748 0.054657 0.040576 0.062851 0.042500 0.029572 0.061442 0.052895 0.059122 0.053516 0.058863 0.063006 
O: 0.057242 0.083580 0.056506 0.044437 0.057742 0.052947 0.065145 0.051686 0.102501 0.044283 0.042498 0.052559 0.069602 0.062490 0.045397 0.047233 0.064152 
O: 0.076691 0.089467 0.029324 0.067052 0.041782 0.043364 0.047513 0.070530 0.055125 0.102113 0.056281 0.043733 0.055671 0.058304 0.050349 0.049543 0.063159 
O: 0.044558 0.173256 0.041522 0.051968 0.050143 0.051767 0.043984 0.048678 0.055657 0.057973 0.035186 0.060922 0.049629 0.057298 0.052548 0.063731 0.061179 

