O: 0.031654 0.226686 0.058366 0.032338 0.051075 0.058150 0.053646 0.039480 0.050879 0.038798 0.023288 0.059140 0.053216 0.066715 0.048528 0.049612 0.058430 
O: 0.091362 0.099037 0.030920 0.060154 0.048903 0.043130 0.052580 0.062861 0.072949 0.055840 0.068369 0.039349 0.061810 0.052041 0.054875 0.044805 0.061016 
O: 0.035494 0.229565 0.035882 0.049947 0.044551 0.049024 0.046826 0.051718 0.051963 0.054832 0.033833 0.052077 0.042874 0.055081 0.046004 0.060194 0.060135 

