B_TTL: 0.052685 0.076661 0.046278 0.049012 0.067539 0.046133 0.063229 0.048292 0.057819 0.045915 0.047526 0.041690 0.048459 0.050625 0.149814 0.048989 0.059336 
L_TTL: 0.038436 0.077006 0.037876 0.042813 0.052896 0.063636 0.071941 0.063942 0.065839 0.056766 0.031698 0.059961 0.043443 0.069840 0.044913 0.099425 0.079567 
U_ORG: 0.064624 0.050432 0.046559 0.047411 0.040574 0.051195 0.058846 0.068575 0.058137 0.070175 0.049403 0.043798 0.147443 0.052820 0.040377 0.049702 0.059927 
O: 0.042265 0.204802 0.039550 0.044801 0.049199 0.059480 0.039418 0.067307 0.057370 0.055421 0.036930 0.050131 0.040439 0.054960 0.037427 0.056822 0.063679 
O: 0.033911 0.170194 0.055002 0.051719 0.041905 0.059950 0.059943 0.049758 0.062989 0.058729 0.033220 0.058310 0.048896 0.057024 0.048188 0.048171 0.062092 
O: 0.036454 0.123304 0.044367 0.053341 0.049356 0.056299 0.054713 0.057128 0.057140 0.053437 0.045789 0.062091 0.062054 0.060631 0.056125 0.057954 0.069816 
O: 0.034495 0.130914 0.046503 0.049432 0.053306 0.058371 0.056431 0.063181 0.056770 0.059246 0.043732 0.066681 0.044203 0.055564 0.049949 0.054358 0.076863 
O: 0.037602 0.140291 0.048649 0.040314 0.044725 0.051640 0.060357 0.067585 0.043311 0.050995 0.051551 0.074253 0.058546 0.051848 0.047069 0.059459 0.071806 
O: 0.031235 0.165065 0.041010 0.051359 0.041103 0.051636 0.057477 0.053514 0.041833 0.051508 0.046977 0.076807 0.051451 0.052527 0.051167 0.064699 0.070630 
O: 0.036545 0.153506 0.050377 0.045897 0.042481 0.056990 0.056949 0.054583 0.046142 0.049095 0.040222 0.094044 0.057050 0.047556 0.038461 0.051750 0.078352 
O: 0.029576 0.110377 0.055218 0.050215 0.042468 0.057293 0.056823 0.076838 0.042907 0.047418 0.067219 0.069296 0.064893 0.051244 0.040781 0.068410 0.069024 
O: 0.035394 0.158003 0.050898 0.052911 0.046236 0.069054 0.052876 0.062154 0.058643 0.043003 0.035050 0.071277 0.047028 0.045784 0.040721 0.053457 0.077508 
O: 0.029271 0.188442 0.043727 0.048908 0.040693 0.057042 0.051418 0.056545 0.050548 0.048292 0.041921 0.061117 0.062889 0.048742 0.044058 0.060354 0.066032 
O: 0.044111 0.194103 0.050654 0.044675 0.041337 0.061114 0.052534 0.060908 0.057422 0.046300 0.039848 0.059413 0.048864 0.048153 0.037974 0.045979 0.066612 
O: 0.036853 0.135698 0.054090 0.050479 0.045412 0.058379 0.063675 0.061365 0.049462 0.055677 0.059182 0.060525 0.057713 0.050553 0.041500 0.051042 0.068394 
O: 0.033535 0.233754 0.039199 0.046102 0.035540 0.058281 0.047327 0.062571 0.048711 0.049655 0.035899 0.064257 0.049957 0.046270 0.037673 0.044590 0.066679 
O: 0.042549 0.181919 0.055843 0.044954 0.043029 0.054213 0.053405 0.049268 0.045640 0.048966 0.045883 0.062100 0.061954 0.051229 0.040685 0.052797 0.065565 
O: 0.035424 0.143186 0.053248 0.074420 0.047957 0.054710 0.049124 0.060468 0.047605 0.050118 0.045191 0.055171 0.058498 0.052605 0.048023 0.057895 0.066356 
O: 0.035330 0.127146 0.055498 0.054033 0.055567 0.064838 0.064760 0.058153 0.060334 0.050013 0.049129 0.049742 0.054417 0.053559 0.045878 0.049784 0.071820 
O: 0.036180 0.161815 0.046891 0.052581 0.041177 0.053623 0.062847 0.048436 0.041736 0.051863 0.046974 0.057439 0.059040 0.058284 0.051783 0.056695 0.072636 
O: 0.043512 0.138549 0.040110 0.060840 0.051531 0.062083 0.045586 0.065786 0.053663 0.049180 0.044770 0.069680 0.048244 0.052644 0.045612 0.047336 0.080874 
O: 0.051937 0.143683 0.052155 0.037051 0.056835 0.058200 0.059523 0.068346 0.047540 0.046960 0.033616 0.066116 0.057083 0.054870 0.039257 0.052891 0.073936 
O: 0.052314 0.129570 0.036032 0.055602 0.057680 0.057566 0.046962 0.067868 0.048191 0.056482 0.047336 0.053093 0.055076 0.049804 0.061161 0.063366 0.061898 
O: 0.051411 0.144892 0.039576 0.052783 0.052561 0.065505 0.045099 0.051698 0.065412 0.042014 0.034673 0.055095 0.051163 0.049477 0.057348 0.080896 0.060396 

