O: 0.065832 0.109942 0.057466 0.052894 0.049199 0.045900 0.063192 0.047004 0.072088 0.056289 0.038588 0.049877 0.056392 0.059436 0.068971 0.045044 0.061886 
O: 0.044016 0.119005 0.040002 0.053994 0.046562 0.068492 0.059962 0.060796 0.055011 0.059803 0.040141 0.061611 0.044055 0.067037 0.049530 0.051270 0.078713 
O: 0.042683 0.159926 0.043159 0.053865 0.046419 0.052907 0.053654 0.054756 0.061811 0.060103 0.036741 0.062830 0.053328 0.058069 0.040152 0.053113 0.066484 
O: 0.038445 0.231521 0.039052 0.042305 0.043049 0.050350 0.053837 0.057059 0.044261 0.052856 0.037186 0.053687 0.043215 0.055652 0.046127 0.051043 0.060355 
O: 0.028073 0.195250 0.063454 0.038150 0.046573 0.052816 0.065565 0.056923 0.047787 0.046604 0.043797 0.048130 0.050580 0.049832 0.048265 0.052029 0.066172 
O: 0.029256 0.166515 0.056242 0.035128 0.044415 0.071570 0.052557 0.055314 0.056158 0.044665 0.042840 0.065334 0.052866 0.059774 0.044460 0.054879 0.068026 
O: 0.043319 0.137940 0.036531 0.065422 0.066609 0.064071 0.048007 0.069431 0.045653 0.057721 0.051355 0.049719 0.047403 0.048123 0.042239 0.062017 0.064441 
O: 0.042811 0.165962 0.074912 0.035281 0.051774 0.070258 0.054233 0.067917 0.058958 0.035192 0.019750 0.062417 0.050509 0.053601 0.049637 0.046855 0.059934 
B_TTL: 0.059888 0.052697 0.039173 0.059698 0.082385 0.050075 0.055674 0.063922 0.066582 0.061258 0.063535 0.040724 0.052529 0.051230 0.093369 0.049963 0.057299 
L_TTL: 0.050858 0.127976 0.034197 0.058685 0.047754 0.061128 0.046361 0.054759 0.047536 0.052863 0.036805 0.057283 0.048586 0.060868 0.050491 0.097523 0.066329 

