O: 0.034985 0.131855 0.055626 0.039931 0.071842 0.067972 0.063800 0.045419 0.064153 0.038990 0.025728 0.057727 0.055564 0.066049 0.052585 0.063965 0.063810 
O: 0.083701 0.075818 0.052934 0.048723 0.056049 0.055300 0.065174 0.052472 0.074495 0.047009 0.040884 0.054248 0.066298 0.062530 0.051886 0.049236 0.063241 
O: 0.065975 0.130018 0.030201 0.060621 0.053953 0.045366 0.048231 0.068917 0.058414 0.066899 0.051693 0.044862 0.048089 0.059576 0.057274 0.048766 0.061144 
O: 0.043702 0.169355 0.034563 0.052470 0.042742 0.050210 0.054139 0.052083 0.051819 0.060838 0.037577 0.055384 0.044441 0.062088 0.052365 0.075318 0.060904 

