B_TTL: 0.062926 0.073105 0.036664 0.059425 0.114563 0.047610 0.047986 0.055438 0.064289 0.050582 0.041772 0.038127 0.058268 0.048179 0.107347 0.039914 0.053803 
L_TTL: 0.046462 0.110102 0.039866 0.061341 0.047575 0.062345 0.050185 0.055307 0.057947 0.048664 0.038777 0.055569 0.043190 0.054651 0.052918 0.106629 0.068473 

