O: 0.067946 0.137128 0.053121 0.038296 0.057595 0.052695 0.054873 0.064479 0.057214 0.050356 0.038375 0.050779 0.059413 0.054389 0.054369 0.045809 0.063162 
O: 0.044570 0.156038 0.030834 0.056265 0.054852 0.062686 0.045778 0.071266 0.053647 0.058798 0.051965 0.046514 0.043773 0.050618 0.060496 0.044743 0.067159 
O: 0.041279 0.194138 0.038665 0.050933 0.042823 0.056525 0.051509 0.049154 0.057597 0.046053 0.030860 0.051083 0.058032 0.049034 0.056441 0.067401 0.058474 

