B_ORG: 0.063722 0.074903 0.060850 0.054389 0.054088 0.045532 0.094629 0.047858 0.053917 0.052403 0.043825 0.056899 0.064561 0.057623 0.060291 0.047119 0.067390 
I_ORG: 0.038151 0.094583 0.052579 0.060658 0.038218 0.067822 0.049876 0.071757 0.046762 0.056800 0.044573 0.092893 0.049743 0.058439 0.041955 0.049099 0.086092 
I_ORG: 0.040435 0.113588 0.049144 0.043798 0.041086 0.067878 0.058014 0.053139 0.054782 0.052267 0.044826 0.115757 0.049475 0.050242 0.036862 0.053927 0.074778 
L_ORG: 0.036340 0.090558 0.034436 0.050291 0.039231 0.073386 0.055996 0.099753 0.046924 0.046720 0.061771 0.074803 0.068994 0.052360 0.043794 0.051943 0.072699 
O: 0.036526 0.142884 0.055159 0.045957 0.041486 0.068659 0.052161 0.061145 0.056456 0.044447 0.043391 0.072593 0.056042 0.049241 0.049612 0.049822 0.074418 
O: 0.027291 0.201903 0.029611 0.047817 0.044856 0.066151 0.052467 0.066499 0.044886 0.041460 0.038993 0.063772 0.055125 0.051547 0.044857 0.054698 0.068066 
O: 0.032771 0.142059 0.056402 0.044586 0.045062 0.054657 0.059771 0.066270 0.063475 0.045427 0.038778 0.071246 0.061085 0.057608 0.043707 0.048398 0.068698 
O: 0.031254 0.182451 0.046125 0.054793 0.048849 0.053695 0.051698 0.069432 0.047776 0.051934 0.040357 0.057975 0.050960 0.056753 0.044760 0.049742 0.061446 
O: 0.023472 0.340687 0.038249 0.040413 0.045185 0.049242 0.040466 0.042218 0.040797 0.039139 0.023375 0.045411 0.036297 0.045894 0.042707 0.047563 0.058885 
O: 0.036233 0.190918 0.061448 0.044407 0.042619 0.055989 0.064074 0.046958 0.053619 0.050947 0.031859 0.046384 0.052181 0.051759 0.042939 0.066767 0.060898 
O: 0.028430 0.278159 0.033602 0.039912 0.050281 0.055328 0.049475 0.041840 0.040865 0.043133 0.041070 0.049693 0.051601 0.052759 0.042002 0.042280 0.059570 
O: 0.030196 0.194245 0.050270 0.046121 0.036927 0.062574 0.077801 0.055746 0.057948 0.049950 0.039290 0.051784 0.052706 0.046000 0.040019 0.044395 0.064028 
O: 0.040907 0.169800 0.039654 0.052515 0.040785 0.055121 0.049045 0.070548 0.048548 0.055705 0.040437 0.066077 0.052839 0.052177 0.042202 0.055601 0.068040 
O: 0.030973 0.192986 0.046844 0.047638 0.052920 0.047931 0.072141 0.055295 0.050807 0.047452 0.038198 0.060360 0.044810 0.051603 0.040804 0.046612 0.072626 
O: 0.032771 0.164509 0.052053 0.042187 0.041894 0.059512 0.063783 0.045464 0.045321 0.044564 0.041124 0.083630 0.061276 0.052850 0.052235 0.048898 0.067930 
O: 0.036796 0.158330 0.043388 0.053159 0.047255 0.055934 0.054122 0.059471 0.045990 0.047384 0.045076 0.084847 0.050658 0.048438 0.039598 0.058510 0.071044 
O: 0.041644 0.166982 0.070199 0.033491 0.044598 0.058743 0.063294 0.051764 0.062182 0.041864 0.033082 0.083838 0.045059 0.051618 0.034604 0.049569 0.067468 
U_LOC: 0.041455 0.084280 0.050889 0.072579 0.045733 0.054024 0.060013 0.062582 0.055645 0.051580 0.103375 0.050964 0.062235 0.050105 0.050884 0.043802 0.059854 
O: 0.039742 0.146256 0.055683 0.041876 0.041768 0.068295 0.053631 0.076333 0.053709 0.056203 0.029101 0.065575 0.050379 0.059651 0.044387 0.052485 0.064927 
O: 0.036052 0.142789 0.030186 0.053146 0.056942 0.058946 0.051429 0.066734 0.048723 0.058056 0.052598 0.048953 0.061291 0.055304 0.063249 0.053917 0.061683 
O: 0.047309 0.170917 0.041029 0.051438 0.053041 0.056932 0.049868 0.054781 0.057731 0.041475 0.038142 0.051371 0.055909 0.046157 0.050203 0.069243 0.064454 

