O: 0.050391 0.125493 0.058015 0.046074 0.059569 0.048781 0.069922 0.042858 0.071811 0.047181 0.052081 0.048733 0.057440 0.061055 0.054590 0.045476 0.060530 
O: 0.048961 0.082855 0.046275 0.062208 0.040417 0.051522 0.068212 0.066645 0.062996 0.063103 0.058025 0.060174 0.058783 0.060482 0.051877 0.045271 0.072196 
O: 0.031087 0.140905 0.053177 0.044181 0.040211 0.058257 0.042846 0.077847 0.047031 0.072708 0.037796 0.063654 0.052662 0.065437 0.043368 0.058715 0.070119 
O: 0.040143 0.121200 0.055237 0.048401 0.050976 0.070173 0.058265 0.046460 0.057782 0.050728 0.039493 0.067687 0.055739 0.058150 0.049155 0.057786 0.072624 
O: 0.036918 0.113641 0.043486 0.067963 0.056123 0.066046 0.058674 0.071686 0.054084 0.046279 0.031195 0.076697 0.057158 0.049217 0.042065 0.060772 0.067996 
B_LOC: 0.025471 0.092400 0.128110 0.041844 0.042856 0.062100 0.066352 0.056613 0.061097 0.041812 0.032562 0.077866 0.046051 0.059061 0.045846 0.048797 0.071162 
L_LOC: 0.044299 0.066063 0.044790 0.111183 0.043415 0.057674 0.057739 0.063764 0.049908 0.056808 0.076353 0.065928 0.051450 0.048556 0.044095 0.047183 0.070790 
O: 0.028423 0.147557 0.059814 0.053115 0.045870 0.067298 0.053913 0.064802 0.075643 0.048855 0.032088 0.074279 0.039019 0.052864 0.032150 0.050069 0.074241 
U_LOC: 0.053722 0.069567 0.037109 0.059437 0.036002 0.047975 0.054758 0.064486 0.050342 0.063273 0.140581 0.058871 0.062947 0.051960 0.042626 0.043861 0.062484 
O: 0.035060 0.175614 0.044781 0.042353 0.046188 0.057264 0.045096 0.057297 0.048082 0.047783 0.058935 0.068103 0.051925 0.050541 0.043895 0.056343 0.070740 
O: 0.032461 0.119041 0.064608 0.033263 0.050264 0.068904 0.073000 0.062207 0.050383 0.043669 0.034586 0.080753 0.061520 0.065609 0.042608 0.052432 0.064693 
U_LOC: 0.062494 0.048114 0.034482 0.066476 0.052156 0.050626 0.051409 0.078589 0.054452 0.057023 0.117166 0.046458 0.070238 0.046436 0.059258 0.046837 0.057787 
O: 0.038460 0.169661 0.040541 0.054032 0.051356 0.059013 0.048037 0.051604 0.050512 0.052186 0.032825 0.063314 0.045012 0.053196 0.052044 0.075466 0.062742 

