B_LOC: 0.056758 0.079732 0.106977 0.045841 0.057871 0.043854 0.054732 0.066071 0.050538 0.046964 0.094251 0.035752 0.058787 0.047286 0.055563 0.043150 0.055871 
I_LOC: 0.033095 0.135170 0.053553 0.041235 0.045966 0.124993 0.061691 0.051016 0.055149 0.040336 0.032651 0.060661 0.039768 0.060128 0.050511 0.050489 0.063587 
L_LOC: 0.045436 0.043789 0.054811 0.090399 0.070564 0.068317 0.057530 0.062395 0.062185 0.049092 0.069009 0.043627 0.066607 0.052968 0.051168 0.055063 0.057041 
O: 0.032090 0.153964 0.050420 0.045469 0.052609 0.069490 0.052015 0.066020 0.055754 0.048224 0.033971 0.056374 0.048559 0.071322 0.042065 0.052935 0.068721 
O: 0.043469 0.110335 0.056766 0.066787 0.054852 0.042685 0.078046 0.048869 0.061458 0.057391 0.046539 0.048652 0.061565 0.059739 0.051882 0.046017 0.064949 
O: 0.035334 0.141882 0.049720 0.050019 0.049749 0.060160 0.068414 0.058855 0.046348 0.050676 0.029342 0.069474 0.046213 0.066011 0.048600 0.055337 0.073868 
O: 0.043162 0.113458 0.037473 0.057844 0.049129 0.051220 0.067328 0.059526 0.052866 0.049298 0.045208 0.087758 0.044984 0.059568 0.047407 0.062090 0.071680 
O: 0.029148 0.204652 0.052871 0.036663 0.042630 0.051033 0.054755 0.052467 0.045885 0.037801 0.037902 0.094829 0.055925 0.046695 0.042860 0.046567 0.067317 
B_LOC: 0.022957 0.087367 0.142704 0.037485 0.045288 0.058750 0.085081 0.062436 0.041170 0.035616 0.030838 0.079523 0.043132 0.057489 0.044341 0.055070 0.070753 
L_LOC: 0.051430 0.032657 0.057309 0.112748 0.044816 0.071422 0.043819 0.074295 0.051610 0.053375 0.079087 0.058667 0.062390 0.048736 0.041475 0.055035 0.061129 
O: 0.031477 0.191894 0.043861 0.046670 0.072884 0.075410 0.036706 0.051860 0.045633 0.056530 0.035150 0.061868 0.042470 0.052574 0.034894 0.056652 0.063466 
O: 0.038503 0.166751 0.029742 0.060103 0.052869 0.067756 0.065928 0.057144 0.051820 0.050464 0.036458 0.060402 0.056624 0.053789 0.040992 0.048090 0.062564 
O: 0.035514 0.178098 0.042601 0.048481 0.045503 0.049150 0.052798 0.066491 0.058371 0.050738 0.051309 0.053734 0.053207 0.051255 0.051617 0.046910 0.064224 
O: 0.035319 0.213222 0.047856 0.041394 0.045532 0.051794 0.058664 0.049408 0.048152 0.052051 0.031741 0.050971 0.051577 0.053865 0.043831 0.056168 0.068456 
O: 0.042747 0.146485 0.042503 0.046584 0.043845 0.057820 0.056315 0.052084 0.049939 0.050572 0.056606 0.051879 0.053256 0.055051 0.047259 0.076889 0.070166 
O: 0.048592 0.146583 0.050207 0.047681 0.059398 0.059686 0.048599 0.055498 0.057090 0.052529 0.036342 0.062133 0.048951 0.054592 0.047028 0.056357 0.068733 
O: 0.029142 0.135373 0.055654 0.045543 0.038327 0.066345 0.063957 0.058143 0.055101 0.052310 0.058179 0.060433 0.058979 0.054309 0.044235 0.052398 0.071572 
O: 0.038235 0.159206 0.052258 0.056044 0.037135 0.056893 0.047651 0.055513 0.048029 0.058780 0.052719 0.063706 0.052222 0.053465 0.043407 0.055113 0.069625 
O: 0.032906 0.177614 0.043034 0.052747 0.055081 0.060104 0.053740 0.060166 0.056427 0.043710 0.042462 0.057332 0.053499 0.049393 0.039891 0.052990 0.068903 
O: 0.041128 0.150728 0.047354 0.048930 0.043693 0.049673 0.059671 0.053673 0.050427 0.051968 0.050610 0.066407 0.063613 0.052364 0.048001 0.055128 0.066632 
O: 0.028214 0.193743 0.048491 0.047809 0.051598 0.048156 0.059677 0.063775 0.043873 0.046896 0.030901 0.056838 0.051471 0.057603 0.043343 0.058426 0.069186 
O: 0.037090 0.117975 0.069724 0.038298 0.059422 0.059037 0.072362 0.067357 0.042794 0.049165 0.029312 0.070487 0.055417 0.060535 0.047376 0.053647 0.070002 
O: 0.054393 0.134610 0.031110 0.066296 0.068899 0.062012 0.046212 0.072766 0.049027 0.053905 0.036745 0.056279 0.047528 0.046735 0.052453 0.054250 0.066778 
O: 0.046788 0.181321 0.033417 0.057233 0.050321 0.055277 0.050578 0.055648 0.061589 0.039843 0.032128 0.055552 0.046651 0.046411 0.046085 0.077830 0.063328 

