B_ORG: 0.039711 0.095713 0.069228 0.045732 0.062370 0.057115 0.079855 0.047241 0.082006 0.046753 0.040550 0.058020 0.049648 0.061341 0.057069 0.048481 0.059170 
I_ORG: 0.052449 0.051485 0.045710 0.071515 0.035715 0.049886 0.056101 0.058152 0.059684 0.072761 0.082761 0.088464 0.051367 0.055198 0.046315 0.051628 0.070808 
I_ORG: 0.034056 0.113916 0.054206 0.044287 0.054704 0.070419 0.048730 0.064198 0.058544 0.048874 0.030695 0.101847 0.048327 0.063787 0.040138 0.054388 0.068883 
I_ORG: 0.051795 0.057808 0.056474 0.056860 0.051021 0.053840 0.062082 0.057877 0.073795 0.055799 0.059629 0.071959 0.077377 0.059858 0.048482 0.043520 0.061825 
L_ORG: 0.077314 0.046475 0.036046 0.060203 0.048975 0.045803 0.057380 0.075416 0.063029 0.088259 0.067508 0.051535 0.062663 0.062742 0.042606 0.053002 0.061046 
O: 0.058404 0.121738 0.043296 0.038947 0.048061 0.052428 0.051231 0.058386 0.049143 0.085002 0.043503 0.055904 0.053602 0.063861 0.045731 0.060164 0.070600 
O: 0.030861 0.170905 0.052987 0.050221 0.046842 0.055368 0.053900 0.063258 0.059313 0.054049 0.043614 0.046936 0.047291 0.053657 0.048946 0.048545 0.073308 
O: 0.040658 0.135280 0.056871 0.048839 0.044333 0.050916 0.062137 0.053590 0.050539 0.054962 0.043240 0.048594 0.062805 0.052596 0.051706 0.071091 0.071843 
O: 0.030242 0.143556 0.040344 0.050598 0.055066 0.065536 0.047241 0.063080 0.051158 0.050971 0.043529 0.061586 0.051526 0.056772 0.054719 0.051814 0.082263 
O: 0.035769 0.134256 0.059842 0.043792 0.050944 0.052771 0.061298 0.047655 0.052623 0.043989 0.041597 0.081674 0.059385 0.051980 0.037548 0.062222 0.082657 
O: 0.034608 0.124759 0.052302 0.057534 0.035922 0.054772 0.053837 0.064406 0.050036 0.057838 0.048635 0.065701 0.062863 0.054412 0.039313 0.074184 0.068878 
O: 0.033403 0.164561 0.045190 0.051023 0.057287 0.064966 0.052980 0.053969 0.057429 0.045548 0.038691 0.065790 0.047656 0.057039 0.040554 0.056373 0.067542 
O: 0.038456 0.102709 0.047859 0.054077 0.055430 0.062965 0.063900 0.056692 0.060011 0.057384 0.041938 0.052750 0.055837 0.062429 0.061358 0.058623 0.067583 
O: 0.037353 0.163608 0.047833 0.049095 0.040736 0.057019 0.061254 0.058731 0.046341 0.052730 0.029081 0.060411 0.048984 0.060730 0.051726 0.059663 0.074704 
B_ORG: 0.030949 0.104435 0.059852 0.049547 0.060693 0.051598 0.108075 0.059372 0.050994 0.045080 0.033506 0.057899 0.057511 0.053344 0.041464 0.058941 0.076741 
I_ORG: 0.037028 0.093017 0.056214 0.044580 0.072730 0.073485 0.074641 0.070202 0.050448 0.036236 0.019389 0.102597 0.045009 0.057712 0.050617 0.051242 0.064854 
L_ORG: 0.065107 0.080188 0.031106 0.069147 0.075232 0.053820 0.042742 0.092315 0.056473 0.054602 0.059866 0.064621 0.046412 0.047575 0.047319 0.046178 0.067297 
O: 0.044183 0.138564 0.043874 0.050836 0.052881 0.058443 0.047882 0.065858 0.049196 0.055315 0.033127 0.062675 0.045659 0.055150 0.042559 0.090288 0.063512 

