U_TTL: 0.061030 0.077067 0.050923 0.044375 0.094882 0.050414 0.073283 0.045121 0.079317 0.048107 0.031525 0.042076 0.058471 0.061115 0.075388 0.045528 0.061378 
U_PER: 0.119402 0.049189 0.041987 0.051609 0.037397 0.050437 0.059902 0.071565 0.064473 0.080784 0.048016 0.047361 0.049648 0.057083 0.041183 0.063899 0.066065 
O: 0.031837 0.140224 0.044154 0.048630 0.056174 0.055733 0.051537 0.063267 0.055063 0.057833 0.043328 0.057626 0.048974 0.068286 0.043333 0.071689 0.062312 
O: 0.034968 0.174794 0.048839 0.041300 0.050636 0.055321 0.052528 0.047704 0.054159 0.058320 0.038655 0.065078 0.049164 0.059177 0.053540 0.050851 0.064967 
O: 0.031592 0.142936 0.050298 0.040416 0.052635 0.060834 0.059929 0.051798 0.051239 0.051129 0.035795 0.062353 0.065657 0.057477 0.047435 0.063611 0.074867 
O: 0.032047 0.136932 0.046984 0.055466 0.040487 0.058176 0.063563 0.067363 0.052351 0.055735 0.039124 0.061728 0.058280 0.056080 0.043792 0.062150 0.069743 
O: 0.030505 0.140408 0.044430 0.056670 0.050061 0.060369 0.052825 0.067024 0.059005 0.049806 0.051885 0.065493 0.049377 0.051209 0.048757 0.050192 0.071985 
O: 0.032359 0.157009 0.054114 0.036335 0.047380 0.058914 0.055805 0.054961 0.053702 0.046993 0.042646 0.062608 0.058973 0.055457 0.053410 0.054576 0.074755 
O: 0.039510 0.126052 0.051823 0.052105 0.041004 0.057036 0.058523 0.061302 0.059939 0.053075 0.039921 0.057147 0.052434 0.060655 0.043578 0.073066 0.072829 
O: 0.040407 0.134630 0.048426 0.045784 0.047695 0.069687 0.054140 0.081506 0.048459 0.058716 0.034097 0.061805 0.057036 0.057431 0.043232 0.048903 0.068047 
O: 0.036714 0.209823 0.033263 0.049600 0.056088 0.053917 0.045272 0.059363 0.045239 0.047448 0.045585 0.048883 0.048829 0.047046 0.066051 0.046155 0.060723 
O: 0.043187 0.157655 0.039411 0.055101 0.055371 0.057596 0.063839 0.049758 0.053695 0.043998 0.034947 0.052129 0.053756 0.048844 0.055457 0.072399 0.062857 

