O: 0.053403 0.088954 0.067735 0.061235 0.049215 0.047793 0.057400 0.049626 0.071038 0.060018 0.046529 0.049972 0.065596 0.059797 0.065894 0.045143 0.060652 
O: 0.033324 0.161160 0.048040 0.050962 0.039678 0.063523 0.050576 0.053618 0.047525 0.064088 0.040985 0.063952 0.044295 0.063638 0.044923 0.049804 0.079908 
O: 0.033100 0.195149 0.035145 0.047100 0.046227 0.060857 0.059762 0.054725 0.039378 0.058942 0.042577 0.055824 0.048491 0.058543 0.038928 0.053781 0.071470 
O: 0.042392 0.152473 0.050047 0.056203 0.047775 0.055887 0.056222 0.064072 0.051334 0.045441 0.038390 0.065462 0.061265 0.047507 0.043588 0.052305 0.069637 
O: 0.048954 0.131836 0.044202 0.055893 0.057523 0.051835 0.060097 0.058588 0.045957 0.051623 0.033675 0.062751 0.057167 0.056912 0.044994 0.070037 0.067955 
O: 0.038386 0.117968 0.069459 0.045353 0.059187 0.052388 0.066175 0.060915 0.061817 0.043768 0.048030 0.072093 0.049997 0.049249 0.039692 0.054722 0.070799 
B_LOC: 0.028671 0.102563 0.124720 0.029694 0.056525 0.074373 0.072486 0.062437 0.049082 0.036620 0.018339 0.085599 0.054741 0.059642 0.040864 0.043581 0.060064 
L_LOC: 0.059803 0.043584 0.024351 0.105056 0.071528 0.061301 0.048612 0.073897 0.059431 0.056632 0.092195 0.051258 0.044766 0.050146 0.055048 0.040608 0.061785 
O: 0.039847 0.169120 0.041421 0.056713 0.062621 0.059617 0.041954 0.051170 0.057243 0.053493 0.033177 0.059783 0.042303 0.051823 0.040344 0.079146 0.060226 

