O: 0.044969 0.081774 0.058722 0.054343 0.074958 0.042891 0.059329 0.065453 0.065681 0.054930 0.045405 0.048656 0.061247 0.060979 0.069121 0.048804 0.062739 
O: 0.038177 0.060486 0.052561 0.047003 0.078288 0.066786 0.053582 0.060436 0.063286 0.053293 0.063756 0.055925 0.045231 0.062127 0.055083 0.067147 0.076834 
O: 0.042449 0.102216 0.061432 0.039871 0.060367 0.069422 0.084664 0.064255 0.056357 0.061505 0.016021 0.071429 0.047786 0.060414 0.035351 0.062518 0.063943 
B_TTL: 0.054455 0.052082 0.032159 0.069911 0.078120 0.053690 0.044129 0.092688 0.057432 0.054082 0.052649 0.048864 0.059637 0.050932 0.096588 0.043360 0.059223 
L_TTL: 0.040472 0.131982 0.037752 0.056812 0.058083 0.058183 0.048012 0.053813 0.052697 0.050913 0.031321 0.060680 0.040903 0.054646 0.045080 0.114175 0.064478 

