O: 0.052592 0.118825 0.049369 0.060446 0.048846 0.043834 0.058026 0.050858 0.065615 0.057253 0.055674 0.051088 0.057950 0.057306 0.060984 0.048302 0.063031 
O: 0.032265 0.166951 0.049337 0.050385 0.044575 0.061217 0.050987 0.058573 0.052529 0.056763 0.039760 0.057415 0.044515 0.057197 0.042757 0.055133 0.079641 
O: 0.031420 0.175625 0.059523 0.043815 0.037577 0.057753 0.052253 0.055831 0.044794 0.048907 0.044020 0.062240 0.065194 0.052135 0.046498 0.053014 0.069402 
O: 0.036983 0.153391 0.038773 0.067685 0.047341 0.060049 0.054480 0.056111 0.046589 0.052896 0.046524 0.064570 0.050803 0.053269 0.039900 0.059428 0.071210 
O: 0.039568 0.198463 0.044206 0.049331 0.039610 0.053385 0.055731 0.057255 0.054038 0.045310 0.048287 0.055141 0.049724 0.048672 0.040026 0.054361 0.066891 
O: 0.033220 0.195771 0.048052 0.048988 0.045911 0.052269 0.059037 0.058029 0.050097 0.045360 0.040443 0.050553 0.050657 0.051874 0.051582 0.054503 0.063653 
O: 0.028400 0.183995 0.042976 0.048171 0.050990 0.055346 0.057559 0.055760 0.053130 0.047346 0.035020 0.052493 0.050283 0.058833 0.058848 0.056003 0.064848 
O: 0.031377 0.135951 0.051474 0.042575 0.045526 0.055207 0.079397 0.051923 0.043526 0.051111 0.038400 0.054550 0.054423 0.060305 0.058387 0.070736 0.075131 
O: 0.031996 0.098674 0.061915 0.047544 0.060154 0.063108 0.057499 0.075202 0.053441 0.041553 0.028662 0.067690 0.069982 0.052427 0.042174 0.072404 0.075577 
B_LOC: 0.028722 0.126097 0.097097 0.040909 0.061116 0.076051 0.066186 0.060991 0.050589 0.036133 0.017509 0.078951 0.039627 0.060027 0.040512 0.051346 0.068138 
L_LOC: 0.060023 0.044192 0.030779 0.128112 0.071805 0.063838 0.043793 0.075048 0.058277 0.049853 0.055769 0.051201 0.052290 0.047385 0.060000 0.047303 0.060332 
O: 0.040112 0.156512 0.032245 0.072090 0.052685 0.063642 0.044233 0.058127 0.057250 0.048626 0.033420 0.060966 0.039510 0.053265 0.042793 0.081110 0.063414 

