O: 0.059543 0.107063 0.042743 0.047228 0.057760 0.046998 0.065312 0.045959 0.072759 0.061808 0.051848 0.043771 0.061219 0.063904 0.067100 0.045785 0.059199 
O: 0.061191 0.106808 0.046572 0.044273 0.036232 0.064179 0.059653 0.067995 0.051652 0.071408 0.047560 0.054880 0.046153 0.058656 0.044447 0.060212 0.078128 
O: 0.030747 0.182025 0.043592 0.049554 0.046160 0.060206 0.043839 0.061677 0.050382 0.053403 0.052827 0.054924 0.051109 0.053930 0.044962 0.055250 0.065415 
O: 0.044547 0.176840 0.040572 0.048156 0.049827 0.053540 0.048214 0.054595 0.052858 0.047410 0.042229 0.048764 0.052429 0.051553 0.054657 0.062914 0.070896 
O: 0.034274 0.114770 0.060896 0.040037 0.084329 0.060847 0.061852 0.057501 0.049098 0.041723 0.046917 0.051717 0.060090 0.050655 0.054619 0.056142 0.074532 
O: 0.031612 0.129087 0.057278 0.034301 0.048251 0.073487 0.100724 0.058431 0.043575 0.039587 0.025792 0.076307 0.051431 0.057247 0.048047 0.061588 0.063258 
U_ORG: 0.057314 0.054128 0.034502 0.083951 0.062017 0.054147 0.043309 0.085570 0.053635 0.049228 0.058959 0.068240 0.084506 0.045699 0.054995 0.044790 0.065008 
O: 0.043816 0.151503 0.046006 0.054457 0.051459 0.059605 0.043084 0.055667 0.057505 0.047197 0.039981 0.064688 0.043525 0.051263 0.043983 0.083531 0.062732 

