O: 0.077775 0.089113 0.050540 0.052404 0.065459 0.044805 0.059847 0.059441 0.070982 0.063991 0.045311 0.045625 0.062022 0.056332 0.048865 0.046359 0.061129 
O: 0.042465 0.149204 0.051093 0.047487 0.039869 0.055980 0.052416 0.063656 0.058867 0.064570 0.038290 0.063619 0.046162 0.058247 0.046557 0.049140 0.072378 
O: 0.040169 0.124400 0.053150 0.046451 0.044028 0.054375 0.051264 0.054827 0.049915 0.067129 0.061209 0.060018 0.057695 0.060330 0.051314 0.056661 0.067066 
O: 0.036379 0.155012 0.059582 0.056076 0.046353 0.056320 0.051320 0.058199 0.049765 0.056651 0.041480 0.058333 0.059287 0.053192 0.041162 0.046235 0.074654 
O: 0.040282 0.129022 0.052324 0.049636 0.047565 0.058594 0.066008 0.049086 0.044148 0.051800 0.045832 0.077057 0.056533 0.055026 0.053698 0.049998 0.073389 
O: 0.040140 0.124433 0.050317 0.046698 0.045116 0.064193 0.049829 0.087022 0.045044 0.046118 0.054050 0.063125 0.057256 0.053044 0.041798 0.055923 0.075894 
O: 0.032967 0.182971 0.054679 0.050028 0.048819 0.062354 0.063264 0.051062 0.054945 0.042489 0.035473 0.072847 0.044247 0.047100 0.037017 0.048421 0.071318 
O: 0.024897 0.154235 0.035902 0.054142 0.039597 0.068774 0.069686 0.058662 0.045503 0.042026 0.034286 0.080646 0.061506 0.054958 0.056832 0.051390 0.066958 
O: 0.037054 0.106830 0.054844 0.056076 0.049946 0.057330 0.063617 0.068508 0.053306 0.042618 0.044858 0.096525 0.046071 0.050072 0.042471 0.054880 0.074994 
O: 0.037100 0.117111 0.068014 0.032252 0.051961 0.070440 0.057498 0.062641 0.068926 0.037115 0.037137 0.105029 0.047474 0.059514 0.034052 0.047432 0.066303 
U_LOC: 0.048104 0.064681 0.056231 0.076453 0.044647 0.046127 0.050377 0.081767 0.053214 0.052638 0.138561 0.042319 0.052084 0.048347 0.045699 0.043195 0.055556 
O: 0.028976 0.217125 0.061483 0.032320 0.050208 0.075796 0.050205 0.061269 0.051361 0.046586 0.018140 0.057446 0.041869 0.063791 0.042863 0.044395 0.056166 
B_TTL: 0.058510 0.052719 0.039951 0.056591 0.083213 0.054304 0.051848 0.056139 0.061313 0.059953 0.065587 0.037891 0.055197 0.054694 0.112854 0.045195 0.054042 
L_TTL: 0.042791 0.116507 0.034249 0.062181 0.049434 0.064625 0.047744 0.054720 0.049617 0.051898 0.037881 0.057037 0.050365 0.060407 0.051487 0.101248 0.067810 

