O: 0.051178 0.115043 0.054010 0.059122 0.051839 0.044076 0.063067 0.043574 0.056440 0.063446 0.043488 0.043347 0.068931 0.061218 0.067153 0.056075 0.057992 
O: 0.027961 0.174526 0.049549 0.050144 0.043797 0.056506 0.053495 0.058031 0.048085 0.047384 0.047281 0.060555 0.039744 0.060594 0.054387 0.058516 0.069445 
O: 0.030794 0.095570 0.069174 0.041338 0.064706 0.072629 0.063237 0.051583 0.057591 0.045552 0.033776 0.075361 0.057774 0.061345 0.050673 0.060939 0.067957 
B_PER: 0.040988 0.073211 0.053903 0.062958 0.059193 0.058925 0.063091 0.060217 0.093886 0.048472 0.042444 0.066451 0.053411 0.058723 0.041077 0.053437 0.069615 
L_PER: 0.070984 0.072838 0.050244 0.062009 0.049100 0.052470 0.044000 0.082386 0.064199 0.086279 0.041178 0.056723 0.051060 0.060534 0.032903 0.057063 0.066028 
O: 0.028129 0.128641 0.054509 0.044249 0.046457 0.074935 0.048530 0.061617 0.047532 0.065458 0.036615 0.074382 0.045814 0.069125 0.050243 0.053517 0.070248 
O: 0.036105 0.131545 0.044066 0.053790 0.040361 0.070455 0.055791 0.062039 0.048107 0.064321 0.037283 0.077085 0.057991 0.048618 0.049510 0.055672 0.067261 
O: 0.029520 0.138169 0.059504 0.039790 0.045107 0.066794 0.059532 0.057115 0.067014 0.037550 0.040551 0.079642 0.055427 0.065984 0.041452 0.048908 0.067941 
U_LOC: 0.056665 0.073394 0.045080 0.066136 0.046243 0.044728 0.063626 0.077484 0.064512 0.068856 0.089818 0.042974 0.052179 0.053870 0.042324 0.048608 0.063502 
O: 0.028406 0.168513 0.038249 0.056017 0.047265 0.054492 0.050880 0.061600 0.048611 0.062421 0.037643 0.064317 0.047242 0.059750 0.057697 0.052446 0.064451 
O: 0.034992 0.140963 0.078162 0.034458 0.045586 0.058781 0.061101 0.047576 0.053107 0.050312 0.038801 0.055129 0.056231 0.059730 0.051593 0.067648 0.065830 
O: 0.033151 0.129806 0.037780 0.046014 0.039453 0.086895 0.055769 0.059112 0.042006 0.050201 0.057123 0.066280 0.055884 0.056505 0.052119 0.052728 0.079175 
O: 0.043641 0.091226 0.047975 0.059691 0.043930 0.074455 0.059951 0.071380 0.061360 0.049156 0.039336 0.068588 0.061034 0.049223 0.043062 0.060044 0.075949 
O: 0.031470 0.116136 0.051213 0.057035 0.042186 0.053521 0.058437 0.076234 0.052696 0.056298 0.045871 0.065851 0.063455 0.054874 0.045278 0.049290 0.080155 
O: 0.038826 0.147346 0.046445 0.053236 0.051150 0.059892 0.061425 0.056901 0.055409 0.047348 0.038549 0.057394 0.057403 0.054474 0.043415 0.050933 0.079852 
O: 0.057896 0.136849 0.049211 0.049933 0.041491 0.059218 0.047307 0.053896 0.054217 0.052827 0.045910 0.066965 0.065145 0.056333 0.038832 0.049955 0.074016 
O: 0.038777 0.143551 0.041351 0.055020 0.050524 0.056208 0.056692 0.061514 0.042655 0.062641 0.043221 0.056579 0.054278 0.062623 0.042710 0.065049 0.066607 
O: 0.034072 0.145087 0.054567 0.051102 0.049924 0.054245 0.050948 0.066309 0.053374 0.047925 0.056524 0.058563 0.051724 0.054411 0.052641 0.051288 0.067298 
O: 0.028542 0.154938 0.050453 0.047983 0.052013 0.059691 0.060693 0.046786 0.057724 0.049627 0.040081 0.057619 0.050663 0.060462 0.059845 0.054242 0.068638 
O: 0.041502 0.141994 0.044381 0.042681 0.042506 0.053591 0.055105 0.059609 0.051277 0.061941 0.050232 0.055269 0.046656 0.058018 0.043757 0.068752 0.082729 
O: 0.034857 0.121482 0.052855 0.049968 0.062213 0.070311 0.052424 0.051928 0.053977 0.044929 0.048162 0.075965 0.048056 0.056451 0.050846 0.056669 0.068906 
O: 0.027437 0.104677 0.087625 0.034145 0.054065 0.070295 0.079646 0.070733 0.048678 0.042982 0.034709 0.075780 0.048652 0.060618 0.039503 0.051041 0.069412 
U_LOC: 0.053048 0.050720 0.037793 0.076943 0.041309 0.072169 0.043830 0.087646 0.057298 0.059979 0.107816 0.045446 0.056947 0.049135 0.056301 0.045297 0.058323 
O: 0.040470 0.180561 0.035708 0.054355 0.057020 0.070144 0.040834 0.051326 0.059339 0.049373 0.032261 0.061351 0.042479 0.049779 0.041950 0.074717 0.058332 

