O: 0.049061 0.126997 0.053260 0.055287 0.062230 0.045575 0.073216 0.049397 0.057120 0.049028 0.042537 0.047735 0.068781 0.055484 0.056698 0.047117 0.060477 
O: 0.036397 0.148008 0.041194 0.049141 0.039217 0.056534 0.059852 0.067908 0.054656 0.052225 0.051337 0.061411 0.038976 0.061220 0.044713 0.061958 0.075253 
O: 0.041632 0.109485 0.045565 0.049255 0.056889 0.057738 0.049756 0.071643 0.058276 0.060168 0.037285 0.063378 0.058711 0.054434 0.060337 0.059070 0.066377 
O: 0.031579 0.174856 0.051649 0.045953 0.055982 0.053472 0.054044 0.054392 0.050737 0.048725 0.038379 0.057054 0.048725 0.055415 0.042416 0.057880 0.078741 
O: 0.041247 0.143196 0.044658 0.046645 0.038547 0.056157 0.063224 0.063965 0.049057 0.049757 0.047402 0.059907 0.060305 0.056030 0.048516 0.055009 0.076380 
O: 0.033668 0.171012 0.042697 0.056581 0.047120 0.065441 0.047798 0.059001 0.050734 0.048937 0.048243 0.064732 0.045673 0.049309 0.038383 0.045431 0.085239 
O: 0.039392 0.164781 0.044153 0.051035 0.037804 0.054066 0.066522 0.060386 0.053146 0.051152 0.050984 0.064435 0.051924 0.048017 0.035589 0.051625 0.074990 
O: 0.032926 0.170875 0.047837 0.049412 0.039585 0.054034 0.061737 0.061559 0.047274 0.055334 0.050369 0.055500 0.062607 0.048675 0.040961 0.053184 0.068131 
O: 0.038347 0.145002 0.049238 0.055770 0.055936 0.051708 0.066215 0.047258 0.049792 0.048019 0.040875 0.073021 0.051468 0.052402 0.052595 0.052357 0.069997 
O: 0.027091 0.186627 0.053561 0.045694 0.045343 0.051322 0.057793 0.055265 0.049148 0.045570 0.041997 0.061619 0.055875 0.054077 0.053233 0.050910 0.064876 
O: 0.029023 0.142045 0.051436 0.054144 0.050155 0.054770 0.054440 0.067988 0.048730 0.052729 0.039622 0.058794 0.051866 0.056567 0.043808 0.063036 0.080850 
O: 0.042829 0.106356 0.064507 0.054324 0.055513 0.070109 0.047998 0.060463 0.053889 0.045973 0.046400 0.065284 0.055871 0.048612 0.039189 0.075280 0.067404 
O: 0.032475 0.155063 0.058191 0.047998 0.061439 0.079002 0.054242 0.052448 0.059500 0.036263 0.031625 0.069187 0.047501 0.055207 0.041445 0.054188 0.064227 
B_ORG: 0.044451 0.061061 0.057761 0.057954 0.067741 0.072368 0.075571 0.066926 0.074960 0.041683 0.047127 0.055961 0.059621 0.056229 0.049160 0.048031 0.063394 
I_ORG: 0.040825 0.081381 0.066609 0.046582 0.051552 0.064513 0.059542 0.064087 0.081850 0.051619 0.043191 0.069440 0.054292 0.076381 0.039166 0.050237 0.058734 
L_ORG: 0.054373 0.051913 0.048747 0.075473 0.054338 0.051998 0.051571 0.080385 0.055793 0.084719 0.067817 0.050304 0.055101 0.063449 0.045313 0.050751 0.057955 
O: 0.027937 0.197600 0.060823 0.034064 0.054152 0.070575 0.054055 0.064468 0.048958 0.047303 0.017409 0.063102 0.040576 0.068479 0.046287 0.047991 0.056222 
B_TTL: 0.060770 0.052536 0.040678 0.060171 0.086530 0.053513 0.052620 0.061190 0.062816 0.058635 0.061127 0.039833 0.053916 0.052596 0.101457 0.046369 0.055242 
L_TTL: 0.042834 0.116596 0.034246 0.062191 0.049448 0.064647 0.047765 0.054787 0.049682 0.051904 0.037896 0.057111 0.050378 0.060440 0.051494 0.100862 0.067720 

