B_TTL: 0.064705 0.100167 0.051532 0.057540 0.058882 0.049235 0.067505 0.049840 0.063618 0.048171 0.038599 0.047199 0.055006 0.051909 0.088156 0.048793 0.059144 
I_TTL: 0.034184 0.086601 0.043916 0.055018 0.040482 0.057623 0.080461 0.061016 0.046146 0.054809 0.040257 0.081727 0.038267 0.064970 0.041494 0.051155 0.121875 
L_TTL: 0.045863 0.071728 0.053439 0.047749 0.044338 0.059510 0.049674 0.074323 0.049846 0.056706 0.041480 0.075577 0.064413 0.055653 0.041002 0.096119 0.072579 
O: 0.042121 0.126295 0.069821 0.052198 0.053831 0.074765 0.056352 0.052775 0.052411 0.042089 0.038772 0.081071 0.047667 0.044090 0.040395 0.052056 0.073290 
O: 0.031828 0.109110 0.062816 0.045769 0.047858 0.077920 0.083958 0.068052 0.050422 0.035902 0.029896 0.079950 0.058679 0.051886 0.048295 0.049226 0.068432 
U_TTL: 0.066552 0.037388 0.055644 0.074828 0.095991 0.065755 0.049724 0.068820 0.072779 0.036682 0.053997 0.065258 0.050078 0.050687 0.042135 0.045129 0.068554 
B_PER: 0.076743 0.064123 0.063092 0.055614 0.068839 0.056423 0.057282 0.056862 0.100678 0.052615 0.043477 0.054578 0.044585 0.064014 0.032220 0.046031 0.062823 
L_PER: 0.042432 0.054958 0.039218 0.063849 0.035488 0.048248 0.055526 0.065486 0.069514 0.097151 0.063717 0.063002 0.053925 0.086009 0.046588 0.051562 0.063328 
O: 0.029026 0.125686 0.053217 0.043395 0.048002 0.058553 0.040617 0.061097 0.044119 0.080454 0.031869 0.064335 0.057297 0.086543 0.048359 0.058964 0.068466 
O: 0.045790 0.129687 0.046267 0.044938 0.050518 0.075136 0.057429 0.049101 0.054048 0.059399 0.033914 0.059050 0.052808 0.065427 0.049421 0.056338 0.070729 
O: 0.053987 0.101576 0.031687 0.057181 0.055250 0.067359 0.059236 0.065362 0.056800 0.052965 0.032533 0.063404 0.056920 0.054870 0.060909 0.063390 0.066571 
O: 0.026850 0.139895 0.056736 0.051525 0.051817 0.052389 0.068419 0.057892 0.049475 0.046790 0.036431 0.058755 0.050618 0.060957 0.054711 0.063634 0.073107 
O: 0.038876 0.141510 0.066806 0.044593 0.045113 0.055476 0.059360 0.058828 0.040187 0.046490 0.042248 0.061873 0.049446 0.059284 0.051987 0.067895 0.070027 
O: 0.036735 0.105167 0.044412 0.072741 0.066187 0.069226 0.049284 0.059496 0.052140 0.046254 0.047715 0.065205 0.048950 0.055418 0.047333 0.061020 0.072717 
O: 0.026841 0.133614 0.076683 0.049078 0.062305 0.058155 0.067156 0.066066 0.061090 0.044898 0.043569 0.063004 0.044246 0.049219 0.035323 0.048891 0.069861 
O: 0.033707 0.102895 0.054720 0.059375 0.036950 0.062298 0.068683 0.055062 0.058057 0.052254 0.045856 0.065241 0.058767 0.059339 0.050895 0.059547 0.076354 
O: 0.031695 0.145322 0.045581 0.045732 0.056436 0.067145 0.047238 0.072102 0.044396 0.053231 0.029759 0.091114 0.048300 0.054771 0.041066 0.050803 0.075309 
O: 0.044625 0.139263 0.033310 0.055766 0.055847 0.058944 0.049581 0.075151 0.048451 0.046693 0.056058 0.061181 0.053699 0.047079 0.057312 0.049152 0.067889 
O: 0.041789 0.154165 0.041887 0.058687 0.048241 0.055274 0.052758 0.050581 0.048457 0.043787 0.041112 0.055515 0.053967 0.049146 0.051449 0.091540 0.061645 

