O: 0.084422 0.113450 0.048136 0.043526 0.051072 0.047972 0.054559 0.046281 0.060075 0.057416 0.056707 0.042420 0.062980 0.059821 0.060226 0.047919 0.063017 
O: 0.038523 0.165800 0.046860 0.057095 0.046358 0.056273 0.056243 0.062282 0.054956 0.062388 0.041076 0.049308 0.045392 0.058817 0.039879 0.046270 0.072480 
O: 0.029588 0.180273 0.048283 0.044070 0.048001 0.055875 0.066122 0.049831 0.048980 0.054546 0.037890 0.052880 0.059528 0.059019 0.056330 0.046106 0.062678 
O: 0.031893 0.136827 0.045966 0.047905 0.058604 0.061497 0.068322 0.060775 0.059878 0.048630 0.042045 0.062352 0.044924 0.056136 0.047802 0.050922 0.075523 
O: 0.041712 0.149049 0.059205 0.054900 0.040564 0.050769 0.050539 0.060772 0.053589 0.058485 0.034718 0.071384 0.054118 0.052917 0.040006 0.055190 0.072082 
O: 0.053914 0.158636 0.041821 0.048398 0.049427 0.058260 0.052674 0.061565 0.048913 0.058271 0.037958 0.050754 0.056528 0.053578 0.040708 0.052723 0.075872 
O: 0.043338 0.130363 0.044170 0.044536 0.048835 0.055734 0.073615 0.059474 0.054089 0.050175 0.064192 0.064040 0.055174 0.051150 0.038825 0.050540 0.071750 
O: 0.039976 0.152650 0.064321 0.046669 0.039632 0.056575 0.047350 0.060008 0.056355 0.047063 0.034856 0.061258 0.069227 0.051454 0.044651 0.060567 0.067387 
O: 0.035788 0.149147 0.040982 0.041369 0.070939 0.072562 0.050678 0.046450 0.050914 0.051221 0.049033 0.061063 0.054844 0.059570 0.041662 0.056221 0.067557 
O: 0.043382 0.124854 0.035294 0.062535 0.048234 0.066163 0.069156 0.063346 0.056842 0.046968 0.036336 0.060129 0.062688 0.049298 0.055420 0.052663 0.066692 
O: 0.028908 0.137035 0.059237 0.042901 0.051317 0.064318 0.068535 0.053537 0.064112 0.043719 0.030088 0.064007 0.049509 0.059213 0.053947 0.060590 0.069028 
O: 0.052736 0.083844 0.045436 0.062977 0.037476 0.049130 0.078108 0.067817 0.049853 0.060535 0.075931 0.047742 0.056266 0.055562 0.043013 0.066287 0.067287 
O: 0.031059 0.146191 0.045859 0.048460 0.060222 0.055624 0.047639 0.080021 0.052259 0.053955 0.038126 0.078848 0.040955 0.056227 0.037650 0.059110 0.067796 
B_LOC: 0.030438 0.068700 0.167421 0.042418 0.045021 0.060564 0.060341 0.059694 0.042906 0.042509 0.036178 0.068891 0.067259 0.048835 0.049031 0.046000 0.063794 
I_LOC: 0.030966 0.095020 0.064144 0.065756 0.052450 0.112531 0.057033 0.056486 0.064641 0.038349 0.027867 0.065300 0.045321 0.057093 0.038528 0.052498 0.076017 
L_LOC: 0.049525 0.067276 0.027575 0.097224 0.050419 0.058654 0.062610 0.077022 0.072263 0.052611 0.065200 0.051564 0.059420 0.048036 0.045675 0.050053 0.064872 
O: 0.032030 0.156406 0.058950 0.047890 0.049830 0.049966 0.047393 0.060303 0.051847 0.061117 0.038126 0.058655 0.047814 0.066800 0.044513 0.062881 0.065482 
O: 0.028568 0.143945 0.044858 0.048575 0.045150 0.060522 0.062570 0.064032 0.045249 0.052805 0.040343 0.054171 0.055153 0.067950 0.066388 0.054561 0.065161 
O: 0.041000 0.131328 0.051775 0.053960 0.057899 0.056623 0.052702 0.054266 0.052685 0.056136 0.036549 0.061297 0.055181 0.050845 0.042752 0.070695 0.074308 
O: 0.033376 0.168539 0.050428 0.061878 0.057129 0.053524 0.045959 0.057317 0.050038 0.040353 0.036794 0.077517 0.047279 0.046608 0.041258 0.059951 0.072053 
B_LOC: 0.036133 0.089371 0.147987 0.032132 0.053490 0.064946 0.073470 0.056712 0.056746 0.034669 0.020650 0.077782 0.049704 0.055416 0.038981 0.047320 0.064491 
L_LOC: 0.050380 0.050999 0.028509 0.141379 0.056876 0.058820 0.045965 0.082388 0.055613 0.060603 0.071221 0.048338 0.051719 0.045624 0.052711 0.040235 0.058621 
O: 0.040254 0.164925 0.034152 0.068959 0.052439 0.061194 0.043542 0.059717 0.065093 0.048597 0.035680 0.056534 0.042366 0.049301 0.042264 0.073871 0.061112 

