U_TTL: 0.054875 0.077608 0.063572 0.046431 0.117143 0.053489 0.057321 0.044567 0.071469 0.037850 0.029272 0.041328 0.060855 0.054558 0.082103 0.045509 0.062049 
B_PER: 0.072612 0.046296 0.044656 0.059919 0.051424 0.055441 0.065486 0.055131 0.097138 0.066001 0.041762 0.052248 0.048549 0.073430 0.040476 0.061714 0.067717 
L_PER: 0.082159 0.063829 0.040863 0.064382 0.051408 0.045980 0.045209 0.064850 0.065878 0.115857 0.036674 0.054385 0.056895 0.064419 0.040254 0.044979 0.061979 
O: 0.039760 0.224036 0.036802 0.043748 0.043617 0.048583 0.044591 0.054453 0.045408 0.058712 0.035524 0.053163 0.040640 0.070678 0.045229 0.052157 0.062897 
O: 0.047019 0.179493 0.045935 0.041632 0.047044 0.053880 0.059617 0.044474 0.055367 0.062332 0.036640 0.057819 0.053739 0.055163 0.043076 0.050553 0.066217 
O: 0.029025 0.171976 0.042681 0.050086 0.052191 0.053441 0.053986 0.063935 0.046618 0.052131 0.036726 0.059599 0.057296 0.060314 0.049860 0.049751 0.070383 
O: 0.043869 0.166840 0.042568 0.048015 0.055814 0.053311 0.046691 0.052086 0.052188 0.048092 0.033267 0.069476 0.058401 0.056190 0.049607 0.055989 0.067597 
O: 0.036699 0.157832 0.055995 0.043123 0.054213 0.056583 0.055587 0.072244 0.045060 0.056977 0.042517 0.054759 0.049263 0.056368 0.045649 0.049834 0.067295 
O: 0.043783 0.134357 0.040156 0.048990 0.052742 0.063159 0.060422 0.061503 0.048779 0.053069 0.043242 0.048996 0.060074 0.059346 0.047802 0.061467 0.072113 
O: 0.028495 0.144918 0.060973 0.049846 0.042573 0.058283 0.053891 0.059841 0.054011 0.050735 0.044668 0.058494 0.050996 0.054256 0.062807 0.055209 0.070004 
O: 0.041368 0.166549 0.036447 0.062602 0.058613 0.065224 0.044503 0.053022 0.044665 0.050153 0.040411 0.054155 0.052687 0.053580 0.046698 0.059267 0.070055 
O: 0.036400 0.158152 0.038531 0.060777 0.039489 0.056400 0.058525 0.060421 0.044918 0.049503 0.052101 0.050721 0.063590 0.052803 0.044007 0.059868 0.073795 
O: 0.041938 0.156821 0.053920 0.037744 0.051956 0.062013 0.050287 0.068474 0.049302 0.044221 0.037787 0.071558 0.063290 0.050659 0.041810 0.050720 0.067500 
O: 0.046219 0.142656 0.032374 0.059018 0.073288 0.053854 0.043107 0.064877 0.047103 0.053048 0.051154 0.048445 0.051944 0.047888 0.065658 0.055196 0.064170 
O: 0.061160 0.166180 0.042525 0.052301 0.051154 0.055396 0.044689 0.050201 0.058127 0.040184 0.034132 0.047495 0.056102 0.047209 0.052235 0.077433 0.063476 

