O: 0.073962 0.094894 0.059115 0.053581 0.059296 0.044784 0.053894 0.048212 0.066814 0.057064 0.053761 0.048279 0.058207 0.053204 0.055472 0.053640 0.065821 
O: 0.036473 0.161516 0.046125 0.047675 0.037913 0.066153 0.051893 0.060960 0.050243 0.058542 0.040300 0.052792 0.041432 0.065486 0.048077 0.053504 0.080916 
O: 0.031737 0.106647 0.067127 0.045913 0.054252 0.061454 0.067732 0.068271 0.055218 0.061642 0.039455 0.055645 0.050548 0.061481 0.049545 0.056060 0.067274 
O: 0.034922 0.113877 0.049982 0.061272 0.061264 0.079751 0.058249 0.055368 0.053919 0.050911 0.037540 0.065112 0.056099 0.051144 0.050374 0.054274 0.065942 
O: 0.043461 0.083509 0.067971 0.042992 0.053806 0.091491 0.062949 0.053327 0.075675 0.041539 0.027720 0.074649 0.054230 0.057260 0.045362 0.055283 0.068775 
B_PER: 0.051851 0.064671 0.049166 0.067781 0.054730 0.066508 0.059761 0.063278 0.076359 0.051621 0.051633 0.061131 0.052248 0.061088 0.047429 0.052036 0.068709 
I_PER: 0.057365 0.047542 0.050571 0.060175 0.063772 0.054282 0.060285 0.064591 0.079921 0.080288 0.047815 0.050175 0.053372 0.070892 0.044351 0.051099 0.063505 
L_PER: 0.069014 0.050605 0.048627 0.058875 0.046250 0.051465 0.064747 0.063633 0.061842 0.085251 0.054890 0.045350 0.065445 0.066607 0.052713 0.053675 0.061010 
O: 0.034964 0.125884 0.064506 0.054904 0.041474 0.054410 0.050952 0.051432 0.050810 0.067054 0.034356 0.065762 0.045902 0.072090 0.054922 0.061324 0.069254 
O: 0.032181 0.127069 0.040289 0.040280 0.050162 0.067642 0.063992 0.053778 0.054202 0.067415 0.034259 0.066179 0.051575 0.069656 0.052689 0.055219 0.073415 
O: 0.056335 0.120406 0.047866 0.046013 0.041768 0.066994 0.053031 0.069809 0.054074 0.064082 0.037517 0.053087 0.061106 0.054507 0.041489 0.057885 0.074029 
O: 0.042604 0.173087 0.043390 0.050966 0.053139 0.071804 0.051044 0.063491 0.056076 0.044449 0.037179 0.052585 0.048008 0.051726 0.040462 0.055444 0.064546 
O: 0.041680 0.170812 0.046884 0.047074 0.051846 0.059838 0.056220 0.053810 0.061499 0.048771 0.034025 0.048626 0.049893 0.055700 0.048570 0.059646 0.065106 
O: 0.032586 0.156810 0.050508 0.045331 0.063313 0.052054 0.055345 0.051296 0.051046 0.053716 0.033321 0.048500 0.052040 0.060650 0.067825 0.059108 0.066551 
O: 0.042582 0.147717 0.047073 0.039808 0.069820 0.061243 0.057373 0.064287 0.048749 0.045040 0.029525 0.061159 0.046346 0.064077 0.048808 0.054219 0.072173 
O: 0.058366 0.116361 0.027747 0.052850 0.054635 0.056702 0.052353 0.071998 0.056946 0.057564 0.042623 0.051930 0.053353 0.053957 0.065399 0.059341 0.067875 
O: 0.043144 0.165073 0.040465 0.051841 0.050205 0.056935 0.046156 0.053854 0.051198 0.046965 0.035850 0.058192 0.046832 0.051501 0.052077 0.084224 0.065488 

