O: 0.072604 0.131224 0.043607 0.051532 0.067139 0.043732 0.051255 0.048205 0.068994 0.064653 0.043290 0.036266 0.067385 0.056093 0.049975 0.042911 0.061135 
O: 0.044214 0.173558 0.048921 0.043583 0.045119 0.060024 0.058608 0.069546 0.047583 0.059598 0.026407 0.057859 0.041139 0.066746 0.040588 0.047029 0.069480 
O: 0.047037 0.160953 0.032688 0.053523 0.050583 0.054748 0.055363 0.071471 0.052186 0.059894 0.040229 0.043868 0.048711 0.053593 0.068336 0.047922 0.058896 
O: 0.044987 0.205903 0.032018 0.046774 0.050730 0.054668 0.042197 0.047571 0.050592 0.043881 0.038092 0.050979 0.047295 0.050035 0.053926 0.074146 0.066206 

