B_ORG: 0.043928 0.130345 0.074992 0.047886 0.070063 0.049041 0.095439 0.034829 0.064294 0.040914 0.030647 0.052603 0.048960 0.053593 0.061537 0.047369 0.053561 
I_ORG: 0.042799 0.062202 0.054407 0.057379 0.051574 0.060199 0.075082 0.074907 0.059403 0.051502 0.044027 0.095478 0.039966 0.061545 0.045875 0.049106 0.074548 
L_ORG: 0.045802 0.067031 0.048848 0.066958 0.039342 0.060117 0.045243 0.082249 0.054567 0.067384 0.047520 0.078137 0.066866 0.061364 0.048691 0.056951 0.062928 
O: 0.043352 0.138106 0.047431 0.047090 0.046140 0.077654 0.041194 0.056771 0.055207 0.059214 0.036521 0.072979 0.047627 0.054489 0.043445 0.065813 0.066964 
O: 0.024187 0.153447 0.036125 0.059772 0.042395 0.067336 0.057563 0.069665 0.052700 0.053333 0.043762 0.058929 0.057942 0.054793 0.047237 0.050126 0.070689 
O: 0.042628 0.104412 0.061167 0.052860 0.049566 0.052597 0.062614 0.058198 0.052800 0.042461 0.054876 0.063715 0.060857 0.050059 0.058487 0.054839 0.077862 
O: 0.030397 0.126080 0.057751 0.050615 0.065709 0.065135 0.067389 0.052267 0.051166 0.037583 0.029302 0.073963 0.054612 0.054565 0.045996 0.059960 0.077510 
O: 0.045000 0.107219 0.062706 0.049149 0.047644 0.054925 0.068816 0.060757 0.068064 0.037883 0.053736 0.068238 0.058865 0.054510 0.037365 0.054678 0.070444 
O: 0.033401 0.086685 0.045939 0.075367 0.043031 0.051033 0.052163 0.071113 0.054664 0.073536 0.073363 0.055563 0.051853 0.059446 0.048864 0.062683 0.061295 
O: 0.035724 0.182869 0.039086 0.052329 0.048268 0.056778 0.038324 0.061227 0.048776 0.065767 0.040196 0.064555 0.047611 0.056351 0.041298 0.058614 0.062226 
O: 0.030271 0.244910 0.045128 0.041418 0.039094 0.050360 0.050711 0.056027 0.039977 0.046987 0.040043 0.047905 0.057145 0.052971 0.042224 0.049884 0.064943 
O: 0.032326 0.204305 0.050037 0.052623 0.051124 0.058199 0.056475 0.045933 0.046533 0.040293 0.037411 0.056069 0.055524 0.048571 0.047327 0.052797 0.064453 
O: 0.036005 0.202264 0.044003 0.051899 0.043731 0.052787 0.046175 0.057127 0.043071 0.049556 0.045649 0.052618 0.046514 0.053677 0.043403 0.063654 0.067867 
O: 0.035571 0.289699 0.038151 0.046231 0.040556 0.046747 0.042713 0.041048 0.049504 0.043354 0.033041 0.049081 0.046067 0.046211 0.040835 0.051224 0.059968 
O: 0.031863 0.185682 0.054244 0.040751 0.038775 0.052401 0.074088 0.059580 0.052494 0.047662 0.054090 0.054009 0.049418 0.050268 0.042223 0.046933 0.065520 
O: 0.036528 0.168342 0.046699 0.050051 0.039913 0.064181 0.055042 0.058202 0.047333 0.059947 0.044298 0.048022 0.056215 0.053815 0.043801 0.059576 0.068036 
O: 0.042426 0.178583 0.052233 0.051310 0.045823 0.053736 0.052587 0.049256 0.050487 0.047992 0.041363 0.070090 0.050643 0.048901 0.045335 0.051973 0.067262 
O: 0.026407 0.172615 0.061268 0.040525 0.041027 0.052057 0.056734 0.055403 0.049802 0.043584 0.040074 0.077770 0.055630 0.049784 0.047700 0.055206 0.074413 
O: 0.031500 0.151974 0.050660 0.064988 0.048461 0.059507 0.044445 0.069490 0.044944 0.049513 0.035330 0.065106 0.062570 0.046796 0.041138 0.066034 0.067545 
O: 0.037913 0.141756 0.074622 0.037452 0.064239 0.076338 0.056594 0.062946 0.057229 0.037386 0.030594 0.075749 0.046183 0.053309 0.035793 0.049071 0.062825 
O: 0.058825 0.076726 0.036335 0.074849 0.058029 0.057750 0.053881 0.073224 0.061637 0.058657 0.073207 0.043197 0.063269 0.049235 0.061657 0.041565 0.057958 
O: 0.038325 0.199183 0.036958 0.058111 0.047486 0.058453 0.041250 0.052413 0.049837 0.047228 0.032404 0.058878 0.044248 0.055608 0.047715 0.074436 0.057468 

