O: 0.048806 0.110647 0.050093 0.053700 0.089662 0.045030 0.065241 0.048475 0.052867 0.048668 0.054389 0.046149 0.055212 0.056542 0.067725 0.049398 0.057399 
O: 0.028713 0.160592 0.060352 0.043151 0.061470 0.061111 0.056796 0.060175 0.063992 0.042769 0.035011 0.061917 0.042153 0.058551 0.043504 0.048630 0.071112 
B_PER: 0.043542 0.063989 0.068261 0.043616 0.049876 0.061909 0.071638 0.065854 0.093900 0.052993 0.035210 0.060681 0.059140 0.075331 0.046967 0.047860 0.059234 
L_PER: 0.078061 0.057731 0.029165 0.069628 0.052657 0.051453 0.039465 0.084992 0.074680 0.100697 0.059857 0.041433 0.047051 0.054611 0.055384 0.047790 0.055345 
O: 0.036994 0.169145 0.039270 0.050678 0.048246 0.055523 0.043528 0.055699 0.048012 0.060501 0.035431 0.053138 0.043779 0.068819 0.051941 0.080963 0.058334 

