O: 0.044948 0.089381 0.064921 0.050653 0.064155 0.064758 0.059658 0.061431 0.060813 0.049666 0.040915 0.062047 0.059626 0.059647 0.054642 0.054167 0.058573 
O: 0.042630 0.093943 0.069167 0.052489 0.057987 0.064198 0.057898 0.064992 0.062213 0.049308 0.044518 0.058966 0.059588 0.058085 0.052475 0.054113 0.057430 
O: 0.049249 0.101185 0.049607 0.059777 0.072656 0.055248 0.051326 0.061627 0.072955 0.050634 0.044555 0.051711 0.062004 0.056416 0.054024 0.050552 0.056475 
O: 0.052164 0.093386 0.042279 0.067279 0.066744 0.049467 0.050358 0.060881 0.068525 0.065142 0.050751 0.048244 0.062734 0.054255 0.049846 0.061675 0.056269 

