B_LOC: 0.047876 0.112307 0.117181 0.034377 0.069445 0.056316 0.071156 0.052816 0.055390 0.035924 0.031599 0.046924 0.065448 0.053499 0.044256 0.048283 0.057202 
I_LOC: 0.049099 0.039796 0.040648 0.061471 0.055446 0.122632 0.054276 0.084580 0.053199 0.058229 0.058541 0.041799 0.069727 0.050448 0.055631 0.043305 0.061173 
I_LOC: 0.031788 0.091974 0.051446 0.044193 0.056131 0.150774 0.055038 0.048222 0.056980 0.044661 0.031432 0.065211 0.040443 0.065666 0.042437 0.066359 0.057246 
L_LOC: 0.048891 0.073526 0.050332 0.102685 0.059716 0.050130 0.066603 0.052658 0.062064 0.046118 0.045865 0.044267 0.071427 0.056679 0.061589 0.051331 0.056118 
O: 0.029800 0.130330 0.056474 0.047752 0.046503 0.073637 0.062294 0.062203 0.068270 0.049956 0.034963 0.059946 0.038907 0.064381 0.052258 0.053236 0.069090 
O: 0.043191 0.097626 0.046722 0.059500 0.053762 0.050656 0.054537 0.051936 0.059148 0.062122 0.074527 0.053058 0.067004 0.056250 0.054251 0.051077 0.064633 
O: 0.034128 0.189274 0.051863 0.041934 0.040004 0.059718 0.061865 0.057254 0.049287 0.054115 0.030417 0.060491 0.041909 0.062871 0.036591 0.055092 0.073185 
U_LOC: 0.054407 0.068673 0.049325 0.064215 0.043793 0.055272 0.048097 0.062153 0.055219 0.054184 0.100905 0.053105 0.088444 0.051373 0.042254 0.046519 0.062063 
O: 0.036751 0.145800 0.052529 0.053569 0.046259 0.060178 0.053813 0.057478 0.056719 0.056510 0.041248 0.065224 0.048638 0.057386 0.042284 0.056624 0.068991 
O: 0.030943 0.154847 0.039765 0.049202 0.034726 0.056022 0.051925 0.060968 0.045776 0.059539 0.055631 0.070537 0.061982 0.057602 0.043351 0.061532 0.065655 
O: 0.031601 0.172282 0.050457 0.057739 0.050481 0.047211 0.066080 0.070019 0.046034 0.043289 0.031859 0.057421 0.051462 0.056739 0.043279 0.050737 0.073310 
O: 0.038764 0.159926 0.055245 0.044007 0.053162 0.049331 0.071902 0.044112 0.044773 0.044518 0.033955 0.082438 0.054914 0.055757 0.051771 0.048696 0.066729 
O: 0.036353 0.167471 0.041565 0.039960 0.045405 0.054312 0.061761 0.052386 0.050100 0.053570 0.033927 0.088233 0.050761 0.059785 0.039547 0.051810 0.073056 
O: 0.064461 0.113405 0.042982 0.046038 0.038143 0.060944 0.052533 0.064298 0.052547 0.062503 0.046322 0.083657 0.053930 0.053542 0.037160 0.055357 0.072178 
O: 0.038245 0.171915 0.046176 0.052683 0.052693 0.056333 0.050499 0.063684 0.052618 0.052273 0.043092 0.063880 0.046079 0.051907 0.040519 0.051880 0.065524 
O: 0.040843 0.242162 0.045562 0.043128 0.041189 0.053407 0.048982 0.052488 0.047722 0.045030 0.038238 0.050282 0.050924 0.048276 0.046626 0.044726 0.060413 
O: 0.034419 0.182144 0.044964 0.058990 0.048118 0.057256 0.045445 0.058968 0.049541 0.051377 0.037618 0.049008 0.061624 0.056290 0.047385 0.049386 0.067466 
O: 0.041094 0.162844 0.047546 0.039460 0.060237 0.062206 0.054227 0.066278 0.054272 0.046983 0.032643 0.058056 0.052466 0.057142 0.052879 0.047519 0.064146 
O: 0.043535 0.145105 0.038531 0.054097 0.060152 0.056904 0.045105 0.058938 0.053124 0.060683 0.050714 0.046659 0.053502 0.050123 0.060205 0.051578 0.071045 
O: 0.048142 0.172153 0.040656 0.053043 0.048358 0.059662 0.048567 0.053585 0.054411 0.042016 0.036365 0.048954 0.053043 0.049425 0.054828 0.073675 0.063117 

