B_LOC: 0.060290 0.078184 0.112504 0.050203 0.059657 0.046886 0.053665 0.064666 0.052602 0.043548 0.081391 0.033920 0.067516 0.044342 0.051202 0.044853 0.054570 
I_LOC: 0.033102 0.134968 0.053413 0.041377 0.046045 0.125075 0.061703 0.050992 0.055197 0.040335 0.032637 0.060607 0.039783 0.060184 0.050580 0.050409 0.063593 
L_LOC: 0.051479 0.041563 0.054145 0.085712 0.066617 0.067030 0.055874 0.061746 0.064603 0.049651 0.075034 0.044035 0.064231 0.051513 0.049124 0.057358 0.060284 
O: 0.032962 0.172768 0.051684 0.046485 0.059410 0.067167 0.056830 0.054510 0.054968 0.047132 0.029857 0.053487 0.044684 0.069632 0.039731 0.049336 0.069357 
O: 0.042728 0.085532 0.052056 0.061998 0.044088 0.054024 0.066237 0.045661 0.062918 0.057707 0.065639 0.048342 0.073963 0.061583 0.066230 0.047942 0.063351 
O: 0.035481 0.146727 0.043324 0.060686 0.043691 0.060638 0.053592 0.059295 0.045189 0.062668 0.044296 0.062628 0.039743 0.063993 0.039179 0.056790 0.082079 
O: 0.038580 0.125212 0.055682 0.054232 0.041985 0.062930 0.057194 0.057158 0.058384 0.053062 0.046856 0.068039 0.057293 0.052673 0.045348 0.055729 0.069643 
O: 0.029668 0.135097 0.089938 0.029566 0.050680 0.074285 0.073374 0.051604 0.059832 0.041746 0.045670 0.058083 0.050053 0.053519 0.039593 0.050914 0.066376 
U_LOC: 0.060982 0.057996 0.044242 0.092548 0.038539 0.063025 0.049963 0.070633 0.058220 0.056056 0.099450 0.046404 0.057379 0.055616 0.039431 0.045742 0.063775 
O: 0.041369 0.185219 0.046757 0.049872 0.056299 0.068026 0.040722 0.055146 0.058594 0.060599 0.028732 0.052427 0.041758 0.057861 0.042033 0.053532 0.061055 
O: 0.030307 0.206218 0.035600 0.037409 0.038748 0.062251 0.054562 0.050435 0.058928 0.055016 0.041939 0.049158 0.061119 0.057154 0.042844 0.058626 0.059687 
O: 0.055392 0.160099 0.053415 0.048095 0.041144 0.052599 0.055672 0.058956 0.066210 0.050620 0.028368 0.050229 0.055330 0.057315 0.049238 0.051034 0.066286 
O: 0.036326 0.203835 0.038298 0.048511 0.046342 0.053255 0.053430 0.051351 0.043737 0.064254 0.040810 0.051624 0.049482 0.054879 0.042711 0.050904 0.070253 
O: 0.039664 0.165269 0.048146 0.039981 0.047344 0.066274 0.056280 0.077005 0.053526 0.046559 0.037221 0.062522 0.054398 0.052775 0.044356 0.046058 0.062622 
O: 0.052921 0.120790 0.035809 0.055960 0.070536 0.060544 0.048272 0.066224 0.050575 0.055297 0.048359 0.047137 0.057145 0.050290 0.064441 0.050051 0.065650 
O: 0.047880 0.165701 0.039577 0.053662 0.052941 0.057902 0.047401 0.053650 0.051552 0.043482 0.038260 0.048319 0.053758 0.048217 0.052225 0.081071 0.064404 

