O: 0.051118 0.100725 0.068127 0.051609 0.079129 0.049876 0.068104 0.042127 0.087653 0.042685 0.029026 0.042017 0.063344 0.055113 0.055256 0.053840 0.060253 
B_PER: 0.045462 0.065987 0.053525 0.063520 0.066190 0.055192 0.061370 0.054303 0.081913 0.055149 0.045005 0.058530 0.048620 0.066869 0.059837 0.051676 0.066853 
I_PER: 0.052872 0.066673 0.038642 0.039353 0.062072 0.049533 0.069821 0.053230 0.088483 0.082974 0.041709 0.061785 0.052066 0.082932 0.045892 0.049447 0.062515 
L_PER: 0.110528 0.079015 0.040834 0.035029 0.033054 0.045887 0.051105 0.072493 0.053614 0.116698 0.042001 0.053071 0.047450 0.062037 0.043187 0.052531 0.061466 
O: 0.036446 0.196098 0.041027 0.045972 0.044120 0.054616 0.039013 0.059834 0.049400 0.061852 0.041256 0.064733 0.042387 0.060197 0.040084 0.061500 0.061466 
O: 0.031914 0.211705 0.045602 0.042751 0.039223 0.055458 0.053528 0.048616 0.049729 0.052627 0.046191 0.052426 0.048224 0.058413 0.049695 0.052048 0.061850 
O: 0.033207 0.145333 0.043890 0.053257 0.051902 0.057210 0.047407 0.066277 0.053180 0.056605 0.045235 0.052376 0.056822 0.054396 0.060934 0.053672 0.068297 
O: 0.034776 0.149693 0.063217 0.044721 0.051232 0.056832 0.059663 0.056632 0.059308 0.047858 0.037109 0.054659 0.067073 0.052431 0.042618 0.052060 0.070118 
O: 0.037196 0.170656 0.052999 0.046309 0.036928 0.054660 0.065404 0.056419 0.042828 0.052613 0.042645 0.057262 0.057224 0.054374 0.046368 0.056605 0.069509 
O: 0.035744 0.176218 0.041943 0.053958 0.047417 0.069339 0.051776 0.059430 0.050859 0.040758 0.038015 0.063146 0.047977 0.050665 0.042485 0.051777 0.078494 
O: 0.042742 0.139468 0.055154 0.048661 0.042396 0.053566 0.060053 0.056556 0.053105 0.044600 0.059954 0.063800 0.053629 0.053135 0.041674 0.058874 0.072635 
O: 0.027475 0.141962 0.042116 0.057951 0.055889 0.052943 0.050868 0.065943 0.046163 0.052965 0.044341 0.060134 0.050108 0.057145 0.059339 0.067545 0.067114 
O: 0.033098 0.148257 0.066678 0.046450 0.067210 0.047784 0.063947 0.054180 0.053056 0.043164 0.046131 0.047726 0.053218 0.055363 0.046064 0.053233 0.074441 
O: 0.033980 0.131304 0.054483 0.047319 0.039576 0.062611 0.067953 0.055878 0.049968 0.051240 0.038208 0.056507 0.057621 0.063677 0.053502 0.063342 0.072832 
O: 0.026997 0.191129 0.037345 0.054016 0.054735 0.054463 0.056632 0.069832 0.041100 0.044490 0.037553 0.063867 0.038351 0.053031 0.047251 0.053116 0.076092 
O: 0.033766 0.177832 0.045485 0.039389 0.043450 0.056480 0.048030 0.073371 0.048509 0.042833 0.048441 0.060572 0.046884 0.053092 0.045227 0.066202 0.070438 
O: 0.033219 0.166489 0.052253 0.054533 0.045474 0.058543 0.064194 0.060474 0.055416 0.052249 0.035089 0.054006 0.048376 0.049895 0.038875 0.060211 0.070704 
O: 0.035413 0.133498 0.056973 0.051818 0.039761 0.063936 0.063294 0.055320 0.052000 0.048330 0.043823 0.074648 0.064618 0.048636 0.044967 0.049146 0.073817 
O: 0.031258 0.152374 0.044134 0.047390 0.043874 0.067940 0.060354 0.075469 0.038498 0.043901 0.031274 0.090687 0.049901 0.051881 0.045755 0.047060 0.078251 
O: 0.052467 0.142094 0.034269 0.054685 0.055328 0.056661 0.042309 0.070126 0.050202 0.044955 0.064835 0.062941 0.054192 0.043065 0.053860 0.048749 0.069261 
O: 0.048822 0.160338 0.039845 0.055450 0.053125 0.054385 0.048267 0.050713 0.054198 0.042368 0.040306 0.052212 0.057153 0.046423 0.052703 0.080507 0.063186 

