O: 0.055990 0.095138 0.045877 0.046365 0.056385 0.048470 0.049576 0.059142 0.072083 0.057972 0.060071 0.060279 0.052345 0.070843 0.060542 0.048060 0.060863 
O: 0.047406 0.120284 0.036783 0.057985 0.052798 0.042191 0.046241 0.056319 0.056086 0.076233 0.069116 0.055123 0.053762 0.058876 0.054519 0.059314 0.056964 

