O: 0.031962 0.304457 0.050939 0.042404 0.059750 0.040326 0.050582 0.043071 0.044317 0.037371 0.030872 0.043200 0.046850 0.040102 0.042081 0.043738 0.047977 
O: 0.040331 0.257792 0.097134 0.037965 0.035468 0.046972 0.059508 0.044782 0.044555 0.036726 0.032812 0.048018 0.042169 0.045080 0.034195 0.046108 0.050384 
U_LOC: 0.053304 0.033091 0.053566 0.090536 0.062340 0.075689 0.047499 0.066297 0.069970 0.051433 0.082211 0.062139 0.044827 0.058020 0.037758 0.047998 0.063322 
O: 0.052682 0.098301 0.056750 0.061325 0.055522 0.057737 0.053922 0.061760 0.077427 0.052432 0.049958 0.062375 0.049476 0.058914 0.045188 0.046985 0.059244 
O: 0.037623 0.094410 0.053290 0.052589 0.042604 0.054494 0.055568 0.058319 0.073508 0.058558 0.063810 0.055973 0.066736 0.065330 0.044330 0.065954 0.056902 
O: 0.035459 0.112164 0.054797 0.051952 0.070157 0.053263 0.049995 0.061944 0.064540 0.061525 0.039835 0.057410 0.054162 0.069263 0.055957 0.047864 0.059713 
O: 0.039525 0.110331 0.055794 0.044179 0.053119 0.057181 0.056909 0.056886 0.075753 0.060412 0.051128 0.051746 0.053338 0.073381 0.046198 0.051280 0.062839 
O: 0.051686 0.106881 0.040876 0.060934 0.035735 0.047142 0.052636 0.058552 0.058445 0.082010 0.064926 0.055122 0.060644 0.060157 0.044358 0.058278 0.061617 
O: 0.026821 0.187138 0.053291 0.037848 0.053933 0.060302 0.046003 0.054284 0.054864 0.053452 0.031292 0.066943 0.045122 0.071902 0.037765 0.052858 0.066183 
U_PER: 0.314586 0.009825 0.023200 0.101600 0.029326 0.030573 0.039090 0.031477 0.030730 0.033291 0.148318 0.033210 0.040800 0.043810 0.028153 0.027144 0.034868 
O: 0.023480 0.533562 0.019305 0.030226 0.029027 0.029619 0.023204 0.035879 0.027737 0.030736 0.023364 0.032454 0.027262 0.038708 0.029302 0.033159 0.032977 
O: 0.021619 0.533250 0.025711 0.030641 0.027285 0.026602 0.028654 0.027336 0.029930 0.034005 0.021670 0.030672 0.030153 0.032495 0.033447 0.034677 0.031854 

