O: 0.050375 0.143087 0.044924 0.049973 0.054950 0.045027 0.055615 0.047280 0.053695 0.058477 0.047364 0.046145 0.064431 0.060355 0.070596 0.046465 0.061240 
O: 0.032436 0.165550 0.055710 0.047594 0.044170 0.055943 0.061162 0.065476 0.051395 0.050150 0.043602 0.054155 0.040858 0.060972 0.042967 0.046998 0.080861 
O: 0.036705 0.131377 0.057624 0.050463 0.038436 0.061749 0.056944 0.055947 0.053294 0.059491 0.035275 0.060808 0.063265 0.055516 0.050022 0.066137 0.066947 
O: 0.030477 0.164051 0.050120 0.054926 0.072317 0.068612 0.056224 0.060754 0.060522 0.036947 0.028888 0.057879 0.044388 0.050215 0.040018 0.055853 0.067811 
B_ORG: 0.044042 0.057951 0.077622 0.050283 0.081340 0.053758 0.085662 0.050331 0.084150 0.039762 0.045348 0.053852 0.062360 0.053959 0.048023 0.048425 0.063131 
I_ORG: 0.036095 0.068430 0.055139 0.053314 0.074437 0.061160 0.055211 0.082961 0.065893 0.062001 0.033212 0.075661 0.048002 0.076041 0.040829 0.047711 0.063905 
L_ORG: 0.064372 0.077733 0.029383 0.068453 0.053898 0.047900 0.042547 0.074749 0.069741 0.092753 0.062658 0.048535 0.048946 0.057558 0.054841 0.048512 0.057423 
O: 0.041161 0.166143 0.040308 0.049035 0.046531 0.055709 0.044919 0.055828 0.054582 0.064405 0.034625 0.056281 0.045944 0.059192 0.049802 0.077184 0.058349 

