O: 0.052466 0.125865 0.047409 0.053594 0.049128 0.050450 0.059561 0.063018 0.057060 0.057323 0.056844 0.048365 0.062592 0.056206 0.048772 0.050301 0.061045 
O: 0.036453 0.237026 0.031451 0.045641 0.049917 0.046607 0.046750 0.064099 0.050428 0.051883 0.043580 0.047502 0.041802 0.052530 0.047258 0.045634 0.061439 
O: 0.038809 0.177134 0.041012 0.051767 0.043640 0.051972 0.052200 0.048945 0.064632 0.051965 0.035415 0.054399 0.053025 0.054174 0.056328 0.065597 0.058986 

