B_ORG: 0.058169 0.100800 0.055243 0.054185 0.046513 0.047862 0.090585 0.042408 0.058866 0.055170 0.041299 0.045719 0.062990 0.058198 0.079076 0.046932 0.055985 
I_ORG: 0.033440 0.095018 0.044363 0.049810 0.040016 0.056961 0.082853 0.068085 0.047944 0.052997 0.040407 0.095981 0.036035 0.065859 0.042093 0.051476 0.096662 
I_ORG: 0.034683 0.083889 0.052501 0.049048 0.034202 0.062087 0.050763 0.066998 0.050072 0.060987 0.048428 0.112398 0.058330 0.056509 0.041854 0.067675 0.069574 
I_ORG: 0.042287 0.119776 0.051246 0.044850 0.046939 0.073445 0.056005 0.060945 0.055063 0.051310 0.037262 0.103035 0.046298 0.049249 0.039323 0.051549 0.071419 
L_ORG: 0.032680 0.092317 0.028592 0.054193 0.039311 0.067974 0.057553 0.109673 0.048283 0.051873 0.060730 0.067744 0.078929 0.052607 0.041861 0.047645 0.068035 
O: 0.039388 0.179960 0.055143 0.042546 0.038369 0.053508 0.056613 0.058272 0.060480 0.043391 0.037524 0.062163 0.057062 0.051765 0.047761 0.048471 0.067585 
O: 0.026819 0.172478 0.036015 0.051262 0.050388 0.060206 0.051292 0.060094 0.047201 0.056288 0.051709 0.052727 0.057117 0.056923 0.048163 0.055302 0.066017 
O: 0.038658 0.163240 0.052320 0.048008 0.049292 0.056835 0.054362 0.062384 0.052951 0.054485 0.039667 0.048722 0.057190 0.055609 0.046954 0.052845 0.066481 
O: 0.028544 0.159562 0.051086 0.050559 0.054226 0.063344 0.056528 0.053931 0.056780 0.052191 0.035265 0.054797 0.052773 0.057175 0.050240 0.053151 0.069850 
O: 0.030947 0.191917 0.042147 0.057350 0.036652 0.053745 0.052537 0.062783 0.049595 0.057740 0.042041 0.054733 0.052815 0.051619 0.040295 0.052693 0.070393 
O: 0.040118 0.170044 0.041084 0.048517 0.050669 0.052466 0.050296 0.057167 0.049186 0.054295 0.043677 0.056990 0.052116 0.054651 0.044025 0.056480 0.078220 
O: 0.053102 0.117728 0.066683 0.049179 0.060076 0.049516 0.060677 0.054188 0.067702 0.046504 0.043088 0.058773 0.053951 0.051629 0.037786 0.051368 0.078049 
O: 0.037136 0.115450 0.055304 0.050324 0.044093 0.054918 0.071658 0.064367 0.045079 0.054824 0.042071 0.058116 0.060531 0.059467 0.053004 0.066842 0.066816 
O: 0.032051 0.147495 0.041488 0.063207 0.056581 0.053870 0.065845 0.062532 0.041525 0.048476 0.041276 0.080322 0.040958 0.053774 0.041062 0.051380 0.078159 
O: 0.042949 0.124781 0.068727 0.042470 0.061819 0.054361 0.060588 0.054722 0.053645 0.041373 0.030741 0.078232 0.058470 0.050665 0.046794 0.058827 0.070835 
O: 0.029046 0.192628 0.037374 0.045349 0.045073 0.079209 0.054260 0.052836 0.042364 0.039908 0.035265 0.084095 0.044778 0.048929 0.043032 0.055444 0.070410 
O: 0.042754 0.127215 0.042027 0.063445 0.040271 0.060762 0.064071 0.065817 0.059833 0.044339 0.042253 0.087413 0.051645 0.049908 0.036222 0.051621 0.070403 
O: 0.031238 0.123125 0.058203 0.052023 0.060237 0.056551 0.059358 0.062994 0.051969 0.046864 0.047676 0.075872 0.051199 0.052208 0.050556 0.050623 0.069305 
B_LOC: 0.024352 0.111214 0.123764 0.031419 0.054583 0.072262 0.075543 0.078376 0.048123 0.036530 0.028384 0.065576 0.047411 0.054422 0.036229 0.045932 0.065881 
L_LOC: 0.057208 0.052649 0.039347 0.097918 0.045394 0.074050 0.044337 0.077392 0.060631 0.058401 0.086298 0.039570 0.055330 0.048892 0.060131 0.045133 0.057320 
O: 0.044021 0.165266 0.037041 0.053835 0.059444 0.071854 0.037901 0.051012 0.061779 0.053003 0.033801 0.054449 0.044345 0.051238 0.044547 0.077167 0.059296 

