B_LOC: 0.051591 0.079270 0.121450 0.048348 0.055650 0.044441 0.052751 0.065954 0.046614 0.044218 0.090963 0.035840 0.066381 0.044707 0.056567 0.042378 0.052877 
I_LOC: 0.033049 0.134793 0.053730 0.041425 0.045923 0.126123 0.061507 0.050940 0.055113 0.040222 0.032615 0.060419 0.039733 0.059996 0.050431 0.050449 0.063531 
L_LOC: 0.043896 0.041660 0.053966 0.101334 0.066324 0.068697 0.062119 0.058055 0.062271 0.047815 0.068581 0.041405 0.066392 0.054510 0.053218 0.053178 0.056580 
O: 0.029063 0.127449 0.046927 0.047963 0.052939 0.070676 0.058431 0.056391 0.057458 0.050784 0.038037 0.060009 0.043980 0.075490 0.052631 0.062478 0.069293 
O: 0.036971 0.096356 0.051212 0.059936 0.051230 0.051257 0.060124 0.053659 0.064926 0.058844 0.052338 0.055034 0.060422 0.064764 0.065542 0.053012 0.064373 
O: 0.040943 0.122971 0.033770 0.045470 0.038441 0.052390 0.054631 0.059575 0.057782 0.079310 0.052244 0.071809 0.047827 0.068198 0.040411 0.057756 0.076472 
O: 0.044120 0.140203 0.045880 0.042188 0.039296 0.057322 0.055168 0.069904 0.043500 0.072335 0.034956 0.068561 0.054003 0.058537 0.042346 0.056097 0.075585 
O: 0.032722 0.136290 0.049656 0.052469 0.051131 0.066025 0.054678 0.074119 0.050314 0.041446 0.047241 0.068526 0.056525 0.052874 0.044692 0.050632 0.070659 
O: 0.038839 0.157308 0.050176 0.042167 0.044311 0.063935 0.047632 0.052724 0.051183 0.049349 0.052038 0.069855 0.069461 0.046115 0.044668 0.054721 0.065516 
O: 0.034233 0.120251 0.061133 0.042925 0.052957 0.073153 0.060763 0.053630 0.060026 0.055879 0.035907 0.071457 0.051114 0.064160 0.043040 0.048975 0.070396 
U_LOC: 0.063969 0.050891 0.059434 0.086134 0.037584 0.049730 0.059895 0.073614 0.059174 0.063958 0.080413 0.051515 0.065225 0.050292 0.044376 0.043280 0.060516 
O: 0.027734 0.203119 0.036591 0.063193 0.068979 0.053858 0.039172 0.063163 0.044598 0.059758 0.036256 0.050912 0.046038 0.056901 0.041181 0.048703 0.059842 
O: 0.035438 0.189157 0.041734 0.047616 0.052890 0.058916 0.076076 0.043117 0.059585 0.048130 0.033670 0.047487 0.049897 0.055100 0.048893 0.046452 0.065840 
O: 0.037894 0.134275 0.049903 0.047003 0.055171 0.061707 0.049333 0.067097 0.055459 0.053525 0.039869 0.058314 0.051664 0.053026 0.051465 0.059374 0.074921 
O: 0.035194 0.169805 0.057699 0.043796 0.056097 0.060192 0.063053 0.042133 0.066061 0.039166 0.029410 0.064637 0.047123 0.062991 0.040625 0.055644 0.066375 
O: 0.070191 0.068402 0.042614 0.060971 0.043805 0.047446 0.057788 0.071611 0.073833 0.066427 0.066141 0.063358 0.063267 0.056734 0.043152 0.039765 0.064496 
O: 0.044868 0.120896 0.042826 0.049635 0.047237 0.065112 0.048175 0.076203 0.048473 0.072317 0.042705 0.050948 0.051172 0.065709 0.041495 0.062103 0.070125 
O: 0.035428 0.135457 0.052875 0.053202 0.056307 0.050323 0.060881 0.062981 0.056536 0.051326 0.032437 0.050272 0.056023 0.058417 0.063824 0.054018 0.069691 
O: 0.029595 0.167826 0.052080 0.045098 0.050396 0.047665 0.061422 0.048866 0.051510 0.050270 0.039033 0.053890 0.047424 0.059437 0.060170 0.058636 0.076681 
O: 0.038150 0.139276 0.052467 0.036641 0.059001 0.066068 0.055991 0.065807 0.046587 0.049759 0.029107 0.072329 0.047347 0.061214 0.047696 0.050883 0.081680 
O: 0.048490 0.143891 0.029816 0.063452 0.060249 0.057630 0.045228 0.070967 0.050051 0.051763 0.049045 0.055539 0.045842 0.049816 0.052026 0.055246 0.070950 
O: 0.044766 0.180470 0.040740 0.051441 0.049375 0.056010 0.047631 0.051232 0.056821 0.040218 0.038582 0.061306 0.049437 0.046139 0.049738 0.074093 0.062002 

