O: 0.054066 0.112499 0.051790 0.060471 0.070396 0.048515 0.059852 0.048744 0.069980 0.056025 0.052052 0.042954 0.057403 0.056211 0.050652 0.046135 0.062255 
O: 0.038045 0.151060 0.044509 0.050827 0.037141 0.061803 0.055958 0.054729 0.064193 0.057702 0.041474 0.058944 0.045498 0.059598 0.054978 0.053200 0.070341 
O: 0.034250 0.181629 0.039295 0.042558 0.037656 0.054324 0.045730 0.060500 0.050696 0.060677 0.034215 0.057873 0.050377 0.059437 0.060564 0.059054 0.071164 
O: 0.037735 0.159943 0.043245 0.042016 0.083214 0.047029 0.061393 0.051710 0.049275 0.048421 0.039214 0.057648 0.049368 0.053341 0.041855 0.059211 0.075381 
O: 0.036381 0.111292 0.056407 0.050495 0.047066 0.052198 0.092624 0.053607 0.051296 0.050040 0.045848 0.061919 0.055149 0.051927 0.067171 0.054173 0.062407 
O: 0.033582 0.088624 0.045866 0.045402 0.042804 0.062596 0.090206 0.067187 0.049320 0.049590 0.034938 0.101797 0.043060 0.058776 0.040503 0.054248 0.091501 
O: 0.045724 0.075906 0.051327 0.045536 0.043526 0.059631 0.050523 0.084032 0.046917 0.050971 0.039130 0.098642 0.058928 0.053724 0.043687 0.080115 0.071680 
O: 0.036739 0.140495 0.068888 0.045189 0.054492 0.075428 0.051148 0.053412 0.050608 0.037253 0.041488 0.088288 0.056689 0.042306 0.038689 0.049833 0.069054 
B_LOC: 0.030035 0.087009 0.094616 0.045677 0.046095 0.080600 0.069818 0.068135 0.051780 0.032891 0.035375 0.089785 0.058983 0.051931 0.045923 0.049424 0.061922 
L_LOC: 0.039215 0.047827 0.068847 0.089366 0.065979 0.067464 0.060910 0.088062 0.060860 0.040325 0.043888 0.070297 0.050892 0.059201 0.040228 0.042199 0.064440 
U_TTL: 0.054501 0.073286 0.033328 0.072521 0.127938 0.053662 0.040451 0.072000 0.055468 0.058944 0.048456 0.044374 0.046485 0.049796 0.071335 0.041931 0.055525 
O: 0.042473 0.149672 0.037507 0.053668 0.050645 0.058297 0.051580 0.051288 0.055294 0.053679 0.032277 0.056459 0.043280 0.055265 0.046128 0.104492 0.057997 

