O: 0.048625 0.104394 0.065125 0.049706 0.090273 0.055481 0.060112 0.051956 0.084804 0.039447 0.036242 0.043204 0.053574 0.054044 0.056254 0.045679 0.061079 
B_PER: 0.059734 0.057090 0.058396 0.054701 0.042910 0.052741 0.063702 0.053551 0.102840 0.055252 0.052310 0.054083 0.050722 0.078038 0.043868 0.050932 0.069130 
L_PER: 0.051968 0.078519 0.044194 0.053547 0.038719 0.048379 0.054783 0.058367 0.059361 0.111756 0.052965 0.059522 0.056759 0.074447 0.045603 0.051291 0.059821 
O: 0.027101 0.131643 0.050292 0.038581 0.048964 0.063435 0.056078 0.079165 0.044043 0.066612 0.035247 0.071186 0.046379 0.076101 0.046476 0.055433 0.063264 
O: 0.043526 0.117159 0.035089 0.055710 0.061759 0.061188 0.048841 0.066054 0.048152 0.060274 0.054335 0.052566 0.053996 0.054423 0.077409 0.048726 0.060793 
O: 0.039749 0.168599 0.042289 0.055254 0.046829 0.059231 0.050957 0.052664 0.053859 0.045367 0.035157 0.052967 0.055215 0.049833 0.051969 0.079095 0.060967 

