O: 0.050947 0.120853 0.066857 0.059957 0.064713 0.042440 0.079692 0.051008 0.060588 0.047801 0.035708 0.038400 0.062665 0.054460 0.053587 0.045873 0.064450 
B_ORG: 0.032060 0.096010 0.045397 0.056076 0.053142 0.064839 0.106815 0.058039 0.043293 0.053043 0.041672 0.065710 0.036251 0.067865 0.046197 0.051313 0.082278 
I_ORG: 0.047633 0.066920 0.076721 0.050572 0.048832 0.060647 0.052548 0.071546 0.049330 0.044276 0.034372 0.107867 0.058633 0.051840 0.048104 0.058539 0.071620 
I_ORG: 0.033130 0.102439 0.057189 0.048278 0.051867 0.077967 0.055726 0.056261 0.066535 0.037990 0.030533 0.117423 0.040472 0.057558 0.038814 0.054746 0.073071 
L_ORG: 0.064051 0.055239 0.042075 0.086849 0.038966 0.068329 0.055865 0.074910 0.051881 0.063853 0.055751 0.057850 0.070123 0.055271 0.044868 0.048806 0.065314 
O: 0.028489 0.134854 0.049274 0.046388 0.055174 0.070513 0.049415 0.074863 0.051443 0.057878 0.039770 0.065189 0.045636 0.062748 0.045667 0.053222 0.069478 
O: 0.035859 0.182779 0.031111 0.046664 0.041949 0.066046 0.059392 0.061393 0.056026 0.046263 0.040436 0.059540 0.056311 0.055194 0.047954 0.048939 0.064146 
O: 0.036948 0.145035 0.052297 0.042127 0.052341 0.057073 0.060725 0.077027 0.053906 0.052499 0.032794 0.062114 0.053572 0.060353 0.044236 0.050838 0.066113 
O: 0.043347 0.178193 0.031327 0.060969 0.059689 0.057506 0.046640 0.062631 0.045512 0.057098 0.044574 0.044650 0.046854 0.051985 0.056831 0.050971 0.061224 
O: 0.036659 0.247085 0.038495 0.045403 0.049572 0.051418 0.044716 0.041319 0.046857 0.038965 0.033348 0.045937 0.049216 0.045993 0.057050 0.071747 0.056220 

