O: 0.079413 0.072880 0.044431 0.027365 0.059961 0.044587 0.057325 0.059677 0.067319 0.076417 0.057676 0.041525 0.069083 0.057964 0.056389 0.066530 0.061460 
O: 0.036074 0.166052 0.042468 0.054126 0.035120 0.056049 0.068034 0.070626 0.043375 0.065372 0.036036 0.053177 0.039841 0.059470 0.041599 0.058255 0.074327 
O: 0.038155 0.139475 0.063401 0.044580 0.046475 0.056420 0.052947 0.062483 0.061070 0.046846 0.038278 0.064177 0.056262 0.055647 0.053289 0.053279 0.067216 
O: 0.029516 0.159917 0.039690 0.052552 0.047639 0.067298 0.057333 0.055383 0.052430 0.055503 0.047145 0.053329 0.056440 0.051779 0.054044 0.051894 0.068107 
O: 0.044309 0.129988 0.053055 0.045205 0.047324 0.054845 0.058117 0.067229 0.059879 0.046612 0.048874 0.056763 0.068835 0.051926 0.043013 0.056643 0.067384 
O: 0.036444 0.181356 0.044467 0.050539 0.050570 0.054502 0.055533 0.053040 0.050479 0.052247 0.035208 0.065709 0.047490 0.058612 0.048313 0.049658 0.065834 
B_LOC: 0.034466 0.083526 0.124860 0.044446 0.041462 0.061637 0.086170 0.057980 0.046437 0.042108 0.041448 0.063802 0.058467 0.048053 0.042059 0.055353 0.067725 
I_LOC: 0.035809 0.076977 0.052994 0.069334 0.049674 0.107025 0.056211 0.068396 0.058621 0.044500 0.034818 0.075958 0.048156 0.060432 0.039955 0.052845 0.068298 
L_LOC: 0.073847 0.056488 0.037630 0.100861 0.053010 0.051781 0.043559 0.071464 0.067623 0.052381 0.085180 0.053413 0.056729 0.054144 0.041345 0.043313 0.057231 
O: 0.030282 0.220457 0.049747 0.041775 0.044269 0.049137 0.049677 0.070221 0.041546 0.061361 0.029050 0.047206 0.045222 0.067708 0.039106 0.051120 0.062118 
O: 0.031854 0.191506 0.046240 0.052798 0.037389 0.058043 0.053264 0.044859 0.046419 0.056353 0.035441 0.055346 0.059643 0.060674 0.058776 0.051867 0.059526 
O: 0.032513 0.185789 0.039661 0.045106 0.050865 0.058389 0.053668 0.056166 0.056488 0.046372 0.035989 0.055052 0.045843 0.054639 0.053472 0.061249 0.068739 
O: 0.036729 0.142083 0.032734 0.041848 0.053387 0.055239 0.051015 0.062809 0.045621 0.054667 0.054872 0.063680 0.050122 0.056796 0.060532 0.063648 0.074217 
O: 0.040731 0.133478 0.065927 0.049149 0.051527 0.053351 0.052872 0.067440 0.051477 0.046559 0.041134 0.063032 0.052130 0.053329 0.044504 0.053106 0.080255 
O: 0.037591 0.122446 0.049695 0.049385 0.044857 0.061957 0.066674 0.057241 0.052438 0.051728 0.034686 0.071920 0.055431 0.058408 0.045842 0.060193 0.079508 
O: 0.039115 0.164020 0.042639 0.056895 0.048325 0.057823 0.051183 0.061001 0.048759 0.049120 0.034175 0.079090 0.047360 0.049800 0.037740 0.056304 0.076651 
O: 0.039214 0.169393 0.047821 0.049534 0.045014 0.053370 0.055195 0.051266 0.053531 0.042886 0.037767 0.080927 0.050720 0.055507 0.043312 0.055339 0.069203 
O: 0.032216 0.164467 0.046280 0.050640 0.051355 0.054184 0.058879 0.051539 0.041479 0.048464 0.048269 0.065816 0.060377 0.056205 0.050321 0.051663 0.067844 
O: 0.028834 0.126708 0.046449 0.055471 0.044419 0.062283 0.063865 0.053298 0.049521 0.048359 0.046985 0.064494 0.055235 0.058490 0.056029 0.069016 0.070544 
O: 0.040505 0.109184 0.049810 0.056569 0.055545 0.068171 0.048383 0.071251 0.050865 0.055226 0.045311 0.065725 0.053318 0.049810 0.041714 0.065564 0.073049 
O: 0.039919 0.155778 0.075569 0.033919 0.057030 0.073784 0.053189 0.064875 0.052803 0.040562 0.024298 0.073682 0.046523 0.053684 0.037771 0.051500 0.065112 
U_LOC: 0.059576 0.058641 0.036645 0.077823 0.056316 0.052066 0.047579 0.070798 0.057197 0.052090 0.143210 0.038670 0.055747 0.043577 0.054761 0.040322 0.054981 
O: 0.045228 0.153794 0.043060 0.054402 0.048122 0.065353 0.044860 0.054317 0.061683 0.049142 0.034117 0.054186 0.047961 0.053230 0.058457 0.072696 0.059392 

