O: 0.048431 0.100741 0.043573 0.056587 0.052403 0.044762 0.055063 0.058853 0.062521 0.052920 0.066857 0.050901 0.074907 0.056778 0.058580 0.051577 0.064546 
O: 0.032833 0.134257 0.056693 0.052626 0.047860 0.066874 0.061884 0.051371 0.054437 0.049144 0.037479 0.062533 0.042884 0.064232 0.050521 0.055298 0.079074 
B_PER: 0.058608 0.062178 0.051493 0.047785 0.048997 0.057882 0.066654 0.049794 0.081959 0.062539 0.059279 0.065607 0.068937 0.064270 0.041544 0.046473 0.065999 
L_PER: 0.066704 0.060344 0.041227 0.063203 0.045075 0.048742 0.055016 0.063884 0.055929 0.094737 0.053954 0.056241 0.058764 0.062575 0.045562 0.064834 0.063210 
O: 0.034611 0.167661 0.046736 0.042071 0.040056 0.056746 0.045514 0.071784 0.052136 0.074378 0.039851 0.061176 0.047306 0.055324 0.042465 0.061277 0.060908 
O: 0.033215 0.202657 0.042204 0.052200 0.040905 0.057530 0.046461 0.049068 0.053286 0.053150 0.034221 0.060571 0.059425 0.054412 0.050268 0.044602 0.065826 
O: 0.048406 0.105803 0.060211 0.043813 0.064623 0.059370 0.051734 0.058203 0.069175 0.052534 0.046881 0.047691 0.056978 0.055536 0.050878 0.054806 0.073361 
O: 0.057953 0.134495 0.042589 0.058301 0.048817 0.056864 0.055300 0.053933 0.060504 0.061288 0.037090 0.048132 0.056708 0.053561 0.042575 0.064582 0.067308 
O: 0.045224 0.143535 0.053253 0.052796 0.055793 0.055671 0.050271 0.049617 0.058797 0.047550 0.044595 0.063812 0.050460 0.055719 0.056089 0.049699 0.067117 
O: 0.035230 0.084210 0.061750 0.039974 0.089014 0.067528 0.058862 0.050793 0.063308 0.052517 0.032051 0.065557 0.050222 0.062321 0.052273 0.059382 0.075008 
U_LOC: 0.053805 0.064840 0.044727 0.065719 0.033432 0.052247 0.055121 0.064883 0.049981 0.069201 0.100056 0.044135 0.067925 0.054897 0.042665 0.065295 0.071070 
O: 0.036963 0.166117 0.042168 0.046046 0.044214 0.065678 0.053657 0.052588 0.057466 0.059234 0.038148 0.062440 0.047721 0.056125 0.044046 0.057182 0.070207 
O: 0.040228 0.143820 0.056877 0.033031 0.042005 0.061954 0.066687 0.059755 0.043310 0.053650 0.037842 0.073387 0.069396 0.062150 0.044399 0.048187 0.063321 
O: 0.045375 0.116937 0.029178 0.061039 0.058541 0.057419 0.045809 0.081971 0.043849 0.059807 0.066687 0.048711 0.053644 0.048969 0.059749 0.060581 0.061734 
O: 0.050466 0.176109 0.046869 0.052598 0.051092 0.057312 0.043950 0.047954 0.059937 0.040883 0.035425 0.056587 0.052503 0.044646 0.049572 0.074255 0.059842 

