O: 0.053020 0.134721 0.056900 0.049828 0.054487 0.049342 0.057628 0.047977 0.057350 0.051705 0.059486 0.044705 0.058361 0.054397 0.063929 0.048795 0.057368 
O: 0.034006 0.134539 0.065011 0.042753 0.055555 0.066700 0.065040 0.053254 0.077856 0.042306 0.034864 0.061873 0.041149 0.057980 0.043408 0.051540 0.072167 
B_PER: 0.038230 0.089836 0.062039 0.039991 0.047655 0.066919 0.062391 0.067918 0.090081 0.058079 0.034771 0.063668 0.058301 0.072942 0.042556 0.046703 0.057918 
L_PER: 0.071372 0.061555 0.031406 0.075379 0.054587 0.054612 0.038540 0.080481 0.061033 0.096478 0.070430 0.041961 0.047962 0.056379 0.054536 0.046649 0.056640 
O: 0.043954 0.166652 0.038727 0.052942 0.044690 0.057761 0.046436 0.049680 0.055314 0.057948 0.036707 0.055459 0.047526 0.058887 0.056781 0.072461 0.058076 

