O: 0.065321 0.125093 0.053442 0.051872 0.065784 0.046777 0.056982 0.052007 0.060082 0.053342 0.056047 0.043811 0.055484 0.052381 0.054595 0.047013 0.059966 
O: 0.032998 0.136404 0.061867 0.046110 0.061932 0.063773 0.064117 0.052221 0.066549 0.040887 0.036179 0.055320 0.042748 0.065555 0.045100 0.056503 0.071736 
B_PER: 0.044773 0.065188 0.063777 0.054101 0.049012 0.057789 0.055301 0.050235 0.108170 0.060391 0.048226 0.055500 0.056740 0.064656 0.054400 0.053235 0.058506 
I_PER: 0.043952 0.070431 0.058099 0.039234 0.069785 0.065902 0.053361 0.071107 0.074208 0.063380 0.034579 0.056135 0.048056 0.099132 0.041954 0.051988 0.058696 
L_PER: 0.063692 0.068544 0.028624 0.067765 0.047046 0.047450 0.041483 0.068316 0.063469 0.119279 0.059493 0.041107 0.054635 0.066137 0.057182 0.050340 0.055436 
O: 0.040644 0.163331 0.041089 0.052522 0.048483 0.058072 0.040967 0.046452 0.052951 0.066952 0.030656 0.060322 0.047295 0.061408 0.053638 0.075924 0.059295 

