O: 0.060860 0.120652 0.044387 0.066190 0.065148 0.048963 0.067616 0.048004 0.059952 0.063529 0.040543 0.040449 0.061276 0.052505 0.048896 0.050462 0.060567 
O: 0.039243 0.166009 0.043456 0.044225 0.038476 0.059390 0.049288 0.066902 0.054798 0.057116 0.045994 0.055155 0.056433 0.059154 0.045538 0.047493 0.071330 
O: 0.039047 0.124348 0.043057 0.051066 0.059305 0.058234 0.064588 0.050937 0.056325 0.055035 0.048265 0.057668 0.049848 0.061606 0.053013 0.053930 0.073729 
O: 0.043497 0.128513 0.057259 0.047821 0.047978 0.060653 0.062869 0.059179 0.065193 0.046201 0.034653 0.057652 0.057487 0.056240 0.049630 0.054919 0.070255 
O: 0.035265 0.105874 0.044218 0.048190 0.045658 0.069610 0.072540 0.060624 0.053926 0.049571 0.041021 0.056067 0.058169 0.077821 0.047635 0.061038 0.072771 
O: 0.036313 0.081382 0.047012 0.047151 0.065875 0.079875 0.055613 0.057972 0.051058 0.053029 0.046379 0.067684 0.054540 0.074319 0.049118 0.054328 0.078350 
O: 0.032855 0.130727 0.046348 0.059677 0.041007 0.055334 0.062077 0.066270 0.051166 0.058997 0.038926 0.060416 0.049775 0.057614 0.051126 0.060738 0.076946 
O: 0.046985 0.162544 0.036599 0.047297 0.040052 0.055404 0.054304 0.060030 0.048908 0.053629 0.044349 0.057400 0.054974 0.053371 0.047101 0.061250 0.075803 
O: 0.035081 0.193624 0.045365 0.039502 0.043432 0.047659 0.065669 0.058268 0.054721 0.042878 0.044232 0.052424 0.046525 0.045948 0.058250 0.052592 0.073831 
O: 0.029775 0.155549 0.055795 0.043289 0.071470 0.054412 0.065156 0.059611 0.050653 0.038743 0.028352 0.057430 0.065798 0.052761 0.044842 0.059002 0.067362 
B_ORG: 0.027486 0.106955 0.063105 0.035971 0.040059 0.066798 0.166219 0.051444 0.048649 0.036444 0.027413 0.065132 0.045347 0.051785 0.047643 0.056211 0.063339 
I_ORG: 0.044312 0.046821 0.067647 0.062319 0.055831 0.059246 0.081560 0.079371 0.061885 0.042765 0.042875 0.099783 0.046507 0.053331 0.039719 0.048310 0.067718 
L_ORG: 0.039630 0.065381 0.045274 0.075850 0.058525 0.046523 0.050750 0.094399 0.067332 0.058228 0.063122 0.073440 0.048581 0.059261 0.039059 0.054308 0.060335 
O: 0.029754 0.174030 0.042120 0.051219 0.042620 0.053494 0.047267 0.063648 0.045593 0.069197 0.041213 0.056973 0.046926 0.070257 0.050417 0.052372 0.062901 
O: 0.031220 0.165199 0.045120 0.037751 0.051073 0.060517 0.062181 0.064735 0.043457 0.053742 0.028061 0.062799 0.056508 0.063280 0.051693 0.057833 0.064831 
O: 0.049544 0.157009 0.028085 0.058053 0.065470 0.058066 0.039059 0.068363 0.053014 0.052731 0.045928 0.050427 0.049416 0.046182 0.058527 0.055924 0.064202 
O: 0.061768 0.160798 0.038736 0.054204 0.063245 0.057919 0.042259 0.049144 0.053158 0.043343 0.031561 0.050668 0.049944 0.048661 0.050212 0.082012 0.062368 

