U_TTL: 0.043222 0.105139 0.065323 0.059471 0.113285 0.050539 0.068138 0.047964 0.069330 0.035259 0.032901 0.044037 0.054040 0.050217 0.049733 0.051616 0.059785 
B_PER: 0.059954 0.046369 0.065932 0.049116 0.050171 0.054513 0.068361 0.054826 0.103200 0.044470 0.052488 0.061650 0.051405 0.074608 0.055688 0.045178 0.062072 
L_PER: 0.041820 0.065163 0.038957 0.069637 0.053235 0.051800 0.051303 0.075125 0.049033 0.097684 0.070797 0.053081 0.042358 0.074535 0.049123 0.052602 0.063747 
O: 0.033732 0.198566 0.040975 0.043261 0.034595 0.057747 0.045118 0.057656 0.045134 0.063374 0.039525 0.059269 0.043512 0.061455 0.047529 0.063123 0.065429 
O: 0.042148 0.159134 0.052015 0.045760 0.050771 0.056648 0.051007 0.053837 0.061395 0.052334 0.044074 0.054963 0.049564 0.055309 0.044424 0.058008 0.068611 
O: 0.034839 0.146435 0.058260 0.046656 0.045037 0.059590 0.066542 0.055625 0.050345 0.052177 0.051524 0.051912 0.055617 0.060721 0.046213 0.047638 0.070867 
O: 0.034916 0.137513 0.051893 0.053458 0.054678 0.065442 0.057819 0.064787 0.061384 0.054182 0.032269 0.059479 0.058364 0.056380 0.041525 0.047958 0.067953 
O: 0.037048 0.111215 0.056095 0.048774 0.047873 0.067850 0.067525 0.062685 0.061088 0.056915 0.039572 0.059813 0.057253 0.061457 0.044847 0.050764 0.069226 
O: 0.038686 0.161093 0.044056 0.061037 0.046130 0.059963 0.060191 0.059943 0.049013 0.057709 0.028242 0.068867 0.042588 0.053764 0.040298 0.055904 0.072515 
O: 0.034547 0.173046 0.040642 0.061615 0.041029 0.056540 0.052235 0.053874 0.048010 0.052839 0.041553 0.065192 0.051381 0.056483 0.045011 0.050593 0.075410 
O: 0.041328 0.172371 0.052045 0.044473 0.039693 0.053716 0.048431 0.056433 0.044676 0.045593 0.048755 0.070046 0.055082 0.050210 0.042849 0.055730 0.078569 
O: 0.036332 0.157093 0.050752 0.049960 0.051138 0.050100 0.056147 0.065228 0.050866 0.049299 0.039767 0.055455 0.064955 0.049455 0.041712 0.062967 0.068772 
O: 0.045418 0.167011 0.047894 0.041431 0.042538 0.061456 0.050462 0.056484 0.059706 0.046543 0.052385 0.052216 0.055878 0.054123 0.048705 0.050913 0.066836 
O: 0.032993 0.106951 0.057871 0.050114 0.050029 0.062576 0.065129 0.055224 0.065080 0.058670 0.045617 0.053885 0.057961 0.058226 0.052641 0.057134 0.069898 
O: 0.036258 0.137414 0.039537 0.054390 0.045772 0.057788 0.049164 0.074494 0.043281 0.063811 0.043458 0.065501 0.051994 0.055952 0.046093 0.060026 0.075068 
O: 0.031214 0.173343 0.047999 0.046881 0.055503 0.049172 0.087382 0.050514 0.043446 0.040380 0.037322 0.059127 0.053270 0.047536 0.044830 0.059393 0.072690 
O: 0.035163 0.147374 0.061510 0.037201 0.048754 0.059560 0.064555 0.053256 0.050110 0.038420 0.034764 0.107806 0.051005 0.050026 0.041579 0.051226 0.067691 
O: 0.052111 0.143842 0.052882 0.053346 0.048690 0.046510 0.053972 0.062713 0.047428 0.046450 0.048835 0.076973 0.058863 0.049172 0.040711 0.053170 0.064331 
O: 0.035529 0.153820 0.054708 0.033466 0.046578 0.076352 0.046714 0.070639 0.049491 0.046469 0.034586 0.109326 0.041979 0.053564 0.033826 0.049617 0.063334 
O: 0.051154 0.112468 0.027597 0.065062 0.048941 0.067187 0.055794 0.083183 0.049910 0.056843 0.052878 0.058400 0.054260 0.050264 0.060537 0.043754 0.061768 
O: 0.037000 0.136957 0.044793 0.057998 0.054984 0.056751 0.054715 0.056638 0.058011 0.043124 0.039318 0.059961 0.057642 0.050186 0.054468 0.072906 0.064545 

