O: 0.049358 0.139077 0.048835 0.050106 0.054754 0.045559 0.066680 0.054477 0.057749 0.049905 0.060768 0.045903 0.054357 0.051327 0.063893 0.048068 0.059185 
O: 0.037152 0.109221 0.067333 0.042946 0.060164 0.064382 0.062346 0.055574 0.080871 0.040450 0.034829 0.064019 0.043269 0.059766 0.047498 0.056762 0.073417 
B_PER: 0.047539 0.054780 0.060216 0.050899 0.054372 0.057028 0.070209 0.056171 0.095018 0.059082 0.047757 0.064258 0.060737 0.063181 0.045366 0.050522 0.062863 
I_PER: 0.045241 0.063849 0.066568 0.045121 0.060102 0.062619 0.054797 0.089153 0.064743 0.067027 0.034523 0.066098 0.050879 0.079592 0.041988 0.047671 0.060030 
L_PER: 0.059979 0.056451 0.030552 0.074794 0.058678 0.053122 0.043315 0.072294 0.050375 0.084660 0.082730 0.048964 0.053201 0.063163 0.065038 0.042160 0.060527 
O: 0.045582 0.168906 0.037936 0.053805 0.048049 0.055597 0.045624 0.048911 0.053403 0.057130 0.036131 0.058204 0.047095 0.056598 0.046126 0.078376 0.062526 

