O: 0.051975 0.098790 0.068474 0.049989 0.087032 0.056051 0.056776 0.052348 0.083824 0.042582 0.037660 0.044392 0.053847 0.053430 0.053403 0.048511 0.060915 
B_PER: 0.070448 0.050578 0.044505 0.056499 0.045186 0.052493 0.066757 0.053148 0.111826 0.066036 0.049751 0.050287 0.049697 0.083981 0.041707 0.042101 0.064999 
L_PER: 0.080439 0.070773 0.039245 0.051101 0.036819 0.046049 0.047523 0.066411 0.060443 0.128589 0.046293 0.053012 0.053337 0.072144 0.043463 0.045168 0.059191 
O: 0.033126 0.174240 0.047284 0.047121 0.049181 0.049053 0.053940 0.062384 0.043650 0.064095 0.041614 0.049266 0.041654 0.072868 0.045231 0.060712 0.064579 
O: 0.035978 0.196732 0.043705 0.042762 0.050868 0.051906 0.049500 0.051749 0.048377 0.054057 0.036376 0.051922 0.055374 0.056842 0.060817 0.048240 0.064793 
O: 0.032498 0.146760 0.053786 0.044859 0.053580 0.060958 0.060863 0.048441 0.049932 0.046550 0.037409 0.053409 0.052491 0.061759 0.061592 0.055948 0.079167 
O: 0.040194 0.137923 0.046626 0.059263 0.042237 0.056027 0.058292 0.069281 0.053596 0.052627 0.034724 0.051121 0.051486 0.059611 0.042818 0.074240 0.069933 
O: 0.033430 0.198315 0.031616 0.054669 0.056791 0.059681 0.048798 0.059506 0.048635 0.050991 0.036683 0.055273 0.046009 0.053217 0.048290 0.058269 0.059826 
O: 0.032070 0.167752 0.061946 0.033102 0.067556 0.056310 0.057120 0.068442 0.044753 0.044009 0.044888 0.056521 0.050959 0.054318 0.048212 0.049687 0.062357 
O: 0.042558 0.157460 0.032213 0.051960 0.048411 0.064164 0.050551 0.072770 0.052788 0.054148 0.042582 0.043964 0.053689 0.051479 0.063125 0.053457 0.064681 
O: 0.046479 0.164537 0.036556 0.049931 0.048455 0.057284 0.043963 0.051262 0.064287 0.047641 0.036610 0.054697 0.052091 0.047596 0.052568 0.083504 0.062539 

