O: 0.051904 0.123563 0.058192 0.055870 0.048064 0.053825 0.055841 0.064542 0.055057 0.051764 0.044016 0.050813 0.067758 0.049937 0.048780 0.054412 0.065660 
O: 0.027322 0.198249 0.049287 0.038035 0.044215 0.083463 0.062015 0.046746 0.055350 0.039884 0.034713 0.066915 0.042465 0.058012 0.037938 0.047933 0.067460 
O: 0.049626 0.075715 0.040724 0.066208 0.041541 0.061887 0.060722 0.071771 0.055853 0.055080 0.072212 0.064979 0.079646 0.050374 0.046590 0.046800 0.060272 
O: 0.025419 0.138226 0.088900 0.042382 0.050750 0.059745 0.059158 0.063654 0.059363 0.042608 0.031442 0.078972 0.042412 0.065226 0.039419 0.050849 0.061475 
U_LOC: 0.041722 0.052206 0.054701 0.074485 0.041280 0.056013 0.072847 0.074314 0.057294 0.051178 0.101696 0.050539 0.061844 0.069824 0.043536 0.040915 0.055604 
O: 0.036009 0.229564 0.033898 0.049740 0.057343 0.059906 0.037485 0.060267 0.045358 0.049236 0.032146 0.052583 0.040935 0.066594 0.046842 0.047307 0.054787 
O: 0.038892 0.229601 0.039155 0.052825 0.047600 0.045476 0.052680 0.046694 0.053387 0.054767 0.029244 0.050831 0.045853 0.053349 0.050199 0.056595 0.052853 

