O: 0.046504 0.142976 0.048219 0.045713 0.052526 0.042317 0.064576 0.049158 0.063539 0.059636 0.052946 0.040405 0.076340 0.055454 0.057155 0.043083 0.059451 
O: 0.040986 0.139718 0.047136 0.034380 0.046610 0.064592 0.051428 0.061806 0.057267 0.054198 0.060756 0.061055 0.044951 0.067032 0.044556 0.050394 0.073134 
O: 0.042734 0.116059 0.048841 0.054356 0.043688 0.067744 0.059959 0.061460 0.048487 0.063653 0.063396 0.052670 0.047623 0.060191 0.047245 0.057758 0.064136 
O: 0.038567 0.112731 0.065860 0.044867 0.049835 0.072278 0.062585 0.052873 0.062098 0.040548 0.034826 0.085780 0.047657 0.054884 0.054965 0.051184 0.068461 
B_LOC: 0.054189 0.036772 0.119784 0.056762 0.053751 0.064470 0.051858 0.058497 0.059307 0.044769 0.066401 0.058550 0.062640 0.048584 0.043458 0.059415 0.060795 
I_LOC: 0.032016 0.091327 0.049274 0.046373 0.048338 0.124905 0.057959 0.053696 0.052243 0.045811 0.034940 0.089674 0.045085 0.066789 0.040553 0.044453 0.076562 
L_LOC: 0.049988 0.048037 0.042535 0.103133 0.037429 0.060536 0.050599 0.086507 0.057877 0.061088 0.054983 0.056137 0.081169 0.058153 0.043872 0.045815 0.062141 
O: 0.036140 0.152815 0.047967 0.050718 0.045310 0.072145 0.046789 0.063879 0.052936 0.056863 0.045312 0.062267 0.048392 0.061481 0.039720 0.048097 0.069170 
O: 0.034956 0.146484 0.041200 0.055872 0.039798 0.071882 0.059350 0.062698 0.058008 0.060271 0.040217 0.060238 0.054775 0.058327 0.041860 0.047791 0.066273 
O: 0.045038 0.157734 0.049127 0.053582 0.039018 0.050387 0.055569 0.058309 0.053544 0.051172 0.038975 0.058827 0.054720 0.058152 0.052163 0.056132 0.067549 
O: 0.034939 0.179400 0.039678 0.056276 0.055819 0.051650 0.051261 0.050818 0.049279 0.049811 0.039602 0.054927 0.048217 0.059190 0.049878 0.059832 0.069421 
O: 0.036667 0.189846 0.049610 0.039739 0.050455 0.049309 0.060357 0.055793 0.042326 0.047944 0.041890 0.059112 0.049936 0.055303 0.049878 0.052466 0.069369 
O: 0.031068 0.129398 0.045837 0.050346 0.064625 0.052607 0.053855 0.052532 0.046581 0.046510 0.047195 0.057567 0.054286 0.061739 0.066643 0.072932 0.066279 
O: 0.046136 0.127100 0.035324 0.054614 0.049705 0.057163 0.062464 0.058890 0.056946 0.052504 0.042267 0.052285 0.051909 0.058699 0.051512 0.068583 0.073899 
O: 0.032229 0.162205 0.043889 0.040533 0.051872 0.053876 0.051414 0.061822 0.045127 0.056610 0.037716 0.064344 0.052293 0.059307 0.048494 0.060875 0.077393 
O: 0.027248 0.190152 0.046424 0.045793 0.046431 0.059263 0.063599 0.066717 0.047361 0.045288 0.030602 0.058867 0.045886 0.051832 0.044677 0.060638 0.069222 
O: 0.049116 0.111896 0.046204 0.047938 0.044928 0.062161 0.052118 0.061286 0.053533 0.052931 0.046451 0.066575 0.055683 0.055133 0.055628 0.064589 0.073830 
O: 0.033825 0.142685 0.040786 0.061145 0.054482 0.063315 0.048522 0.055866 0.049869 0.051479 0.040769 0.068129 0.047928 0.053007 0.047277 0.063615 0.077302 
O: 0.036475 0.121639 0.047375 0.046715 0.046118 0.064642 0.061555 0.054831 0.052452 0.044782 0.050390 0.073442 0.059864 0.054220 0.049213 0.058850 0.077434 
O: 0.032876 0.114156 0.050577 0.053121 0.043445 0.059055 0.060285 0.058401 0.046213 0.052306 0.071502 0.070038 0.052113 0.052112 0.043216 0.068722 0.071862 
O: 0.038000 0.121495 0.069538 0.040545 0.044062 0.070588 0.058605 0.062241 0.062742 0.045331 0.037871 0.085458 0.047474 0.052479 0.039938 0.052136 0.071497 
B_LOC: 0.045607 0.043750 0.110936 0.054507 0.041890 0.089298 0.048685 0.065948 0.050314 0.046204 0.081991 0.060149 0.064682 0.046457 0.044074 0.045673 0.059835 
I_LOC: 0.030469 0.097463 0.068097 0.035219 0.052684 0.150008 0.050646 0.061482 0.055208 0.040838 0.021316 0.089634 0.041955 0.061043 0.036701 0.045702 0.061535 
L_LOC: 0.053786 0.060020 0.023275 0.118877 0.052266 0.057426 0.049863 0.094979 0.052937 0.063622 0.055030 0.046851 0.066674 0.051874 0.057876 0.041406 0.053238 
O: 0.038745 0.168141 0.040916 0.054187 0.049137 0.054470 0.045312 0.058110 0.053266 0.050124 0.036610 0.059323 0.048276 0.056502 0.050264 0.075413 0.061203 

