B_ORG: 0.052294 0.081866 0.065264 0.050329 0.062350 0.047118 0.109648 0.042933 0.071229 0.049300 0.035448 0.050568 0.056947 0.056974 0.046995 0.052017 0.068720 
B_ORG: 0.050336 0.050786 0.045198 0.059728 0.036077 0.048758 0.135871 0.060641 0.049190 0.064832 0.053345 0.075192 0.047014 0.062555 0.043230 0.048443 0.068803 
I_ORG: 0.035092 0.086206 0.051266 0.047518 0.040940 0.066019 0.049207 0.092535 0.045642 0.062389 0.038475 0.121483 0.043709 0.059289 0.038871 0.053862 0.067497 
I_ORG: 0.039221 0.109304 0.053714 0.043268 0.038770 0.068720 0.044983 0.049436 0.056453 0.049271 0.042553 0.135777 0.047518 0.049650 0.040114 0.054480 0.076767 
L_ORG: 0.029929 0.121256 0.028829 0.060730 0.037777 0.067887 0.049780 0.107280 0.047451 0.047154 0.050811 0.066470 0.072055 0.050833 0.039089 0.054352 0.068317 
O: 0.032710 0.152547 0.055272 0.050934 0.041911 0.060315 0.058583 0.061981 0.063886 0.048430 0.047559 0.061661 0.050580 0.051479 0.045515 0.047989 0.068647 
O: 0.034409 0.165785 0.047008 0.053520 0.034758 0.056035 0.056114 0.055869 0.054087 0.053935 0.047663 0.059989 0.062309 0.050597 0.046026 0.055673 0.066224 
O: 0.030427 0.193271 0.044778 0.040646 0.040936 0.062075 0.054176 0.057868 0.051589 0.045072 0.040677 0.069258 0.055887 0.058665 0.039852 0.047632 0.067193 
O: 0.049545 0.165544 0.040164 0.057873 0.050846 0.051962 0.052121 0.063577 0.045069 0.058597 0.056754 0.055753 0.047797 0.052283 0.038291 0.048037 0.065788 
O: 0.047472 0.183249 0.050046 0.043230 0.040078 0.058283 0.052520 0.050844 0.049666 0.047044 0.039347 0.054444 0.059451 0.050220 0.052639 0.058560 0.062908 
O: 0.041759 0.132487 0.064400 0.043287 0.048894 0.059332 0.066180 0.046226 0.057881 0.054907 0.049389 0.056613 0.047700 0.056663 0.044194 0.060515 0.069575 
O: 0.048525 0.118758 0.038188 0.048081 0.044072 0.068800 0.059822 0.060083 0.053423 0.060814 0.047810 0.062914 0.059512 0.056995 0.049350 0.046926 0.075926 
O: 0.044467 0.148748 0.047411 0.046982 0.048521 0.060366 0.053985 0.060427 0.056785 0.053832 0.044661 0.059335 0.058046 0.053091 0.040809 0.051026 0.071509 
O: 0.036496 0.171865 0.044108 0.050311 0.046614 0.054623 0.066553 0.059992 0.053132 0.048165 0.038923 0.054100 0.054924 0.055375 0.050113 0.049170 0.065536 
O: 0.030630 0.156483 0.047760 0.049369 0.050999 0.055767 0.067328 0.054175 0.053592 0.047240 0.047580 0.057845 0.054318 0.053430 0.051411 0.054623 0.067449 
O: 0.022564 0.222471 0.048360 0.040025 0.039236 0.059588 0.061541 0.056804 0.053791 0.047424 0.031595 0.056005 0.047594 0.049727 0.044053 0.050280 0.068944 
O: 0.044917 0.124788 0.045890 0.054309 0.037734 0.053797 0.056339 0.067331 0.047938 0.054870 0.050370 0.061573 0.055000 0.053730 0.044229 0.063641 0.083544 
O: 0.037407 0.135571 0.044903 0.050332 0.061444 0.054724 0.052376 0.071317 0.054010 0.044468 0.040725 0.067749 0.061614 0.050468 0.039884 0.051977 0.081030 
O: 0.033541 0.146737 0.057047 0.044159 0.055753 0.054579 0.086547 0.055505 0.043725 0.036808 0.041778 0.066387 0.055977 0.046530 0.050005 0.052911 0.072011 
O: 0.027358 0.146508 0.061326 0.046703 0.050645 0.060787 0.072765 0.052796 0.049860 0.037599 0.030875 0.091140 0.044546 0.052422 0.041033 0.058464 0.075173 
O: 0.045019 0.135944 0.044116 0.066997 0.042834 0.043483 0.054508 0.071933 0.053608 0.046513 0.049665 0.077424 0.068163 0.043630 0.036085 0.046259 0.073820 
O: 0.040210 0.205028 0.042581 0.042003 0.046493 0.053624 0.042033 0.059480 0.054795 0.046822 0.038314 0.079609 0.039283 0.052225 0.036085 0.052737 0.068676 
O: 0.038629 0.148900 0.060975 0.044530 0.047164 0.058374 0.054915 0.057535 0.050894 0.052193 0.043931 0.068527 0.055088 0.059599 0.041748 0.051613 0.065385 
O: 0.043330 0.141132 0.036106 0.066034 0.054851 0.052414 0.045297 0.063625 0.051126 0.052801 0.045326 0.055237 0.061599 0.054818 0.060378 0.053418 0.062505 
O: 0.040580 0.237179 0.035159 0.051532 0.057053 0.050749 0.048684 0.043965 0.049261 0.043976 0.029782 0.048090 0.044316 0.047239 0.048687 0.063206 0.060543 

