O: 0.036638 0.107191 0.044222 0.062166 0.053437 0.055042 0.092559 0.051474 0.069362 0.047560 0.043422 0.046330 0.061455 0.066007 0.048681 0.052974 0.061481 
O: 0.029501 0.108365 0.059780 0.048233 0.057068 0.072532 0.057882 0.050466 0.061377 0.049160 0.029301 0.079423 0.044848 0.076178 0.051803 0.059379 0.064703 
B_PER: 0.035546 0.059288 0.065230 0.053952 0.050007 0.058367 0.070482 0.059537 0.082466 0.069362 0.038153 0.062935 0.056315 0.068801 0.051803 0.051377 0.066378 
L_PER: 0.052526 0.075703 0.041946 0.063418 0.042036 0.050663 0.052919 0.072548 0.053858 0.080388 0.066468 0.064170 0.055610 0.055471 0.041951 0.063241 0.067083 
O: 0.030302 0.158479 0.056395 0.043516 0.053504 0.066157 0.048965 0.057249 0.058455 0.050421 0.030899 0.077062 0.046029 0.057336 0.045220 0.052549 0.067461 
O: 0.049802 0.086297 0.073984 0.047730 0.048412 0.054696 0.062997 0.049559 0.072138 0.044769 0.056391 0.063122 0.076326 0.060722 0.050067 0.042980 0.060007 
O: 0.034472 0.106988 0.035840 0.056493 0.055032 0.054115 0.059838 0.061514 0.063085 0.063814 0.062877 0.053337 0.053895 0.077497 0.041715 0.058985 0.060503 
O: 0.030584 0.164073 0.044380 0.045782 0.042593 0.063433 0.046596 0.063118 0.047644 0.065329 0.029517 0.063146 0.049544 0.082608 0.045242 0.056822 0.059588 
O: 0.027098 0.169029 0.046056 0.049280 0.047993 0.055406 0.051687 0.053299 0.044717 0.062813 0.034526 0.060952 0.053041 0.070990 0.062849 0.052504 0.057762 
O: 0.033292 0.257645 0.041214 0.046216 0.043277 0.053738 0.050227 0.052701 0.045129 0.048233 0.025013 0.048761 0.050751 0.053263 0.040316 0.052478 0.057744 
O: 0.043868 0.204254 0.038679 0.051621 0.049736 0.050041 0.059987 0.054422 0.050088 0.044082 0.043229 0.044276 0.050393 0.051548 0.055787 0.047377 0.060610 
O: 0.040913 0.247129 0.037859 0.048322 0.048157 0.045846 0.050326 0.044182 0.051907 0.040997 0.033608 0.047829 0.048201 0.046615 0.050090 0.059326 0.058692 

