B_LOC: 0.047521 0.057806 0.107070 0.056155 0.049643 0.047857 0.050557 0.066793 0.050732 0.052526 0.101578 0.038283 0.076614 0.049363 0.049087 0.043751 0.054664 
I_LOC: 0.030994 0.151775 0.048963 0.039046 0.048374 0.120800 0.061073 0.049946 0.051769 0.042950 0.031284 0.064082 0.041173 0.059918 0.045191 0.052519 0.060142 
L_LOC: 0.057466 0.054772 0.044282 0.091362 0.065372 0.058735 0.052739 0.063522 0.066872 0.050546 0.075764 0.040738 0.062355 0.051557 0.061121 0.047747 0.055050 
O: 0.039194 0.185488 0.033198 0.057045 0.048839 0.059148 0.045432 0.056103 0.050614 0.051481 0.039919 0.052598 0.047431 0.057663 0.051005 0.060518 0.064325 

