O: 0.043429 0.158186 0.051122 0.053027 0.066372 0.042144 0.062548 0.049790 0.045071 0.049618 0.050400 0.047691 0.047882 0.054465 0.073636 0.047372 0.057245 
O: 0.029309 0.155066 0.067355 0.039468 0.057497 0.062748 0.058640 0.058314 0.065408 0.042797 0.033163 0.058584 0.043513 0.060495 0.046483 0.048900 0.072260 
B_PER: 0.042203 0.071634 0.056353 0.051497 0.061293 0.059409 0.062497 0.057929 0.100291 0.055380 0.043250 0.052698 0.058872 0.064096 0.050107 0.050401 0.062092 
I_PER: 0.062977 0.055503 0.062437 0.045913 0.056677 0.059726 0.053743 0.073195 0.081135 0.067279 0.035926 0.059531 0.049156 0.087307 0.038751 0.050395 0.060350 
L_PER: 0.059320 0.080682 0.030356 0.065893 0.050498 0.047269 0.041758 0.070075 0.053772 0.111250 0.055965 0.046866 0.048478 0.067140 0.069333 0.046999 0.054345 
O: 0.034826 0.169291 0.040487 0.050600 0.050208 0.053486 0.047222 0.052628 0.047746 0.057969 0.033797 0.054669 0.044734 0.064216 0.055084 0.084957 0.058080 

