B_PER: 0.055602 0.089945 0.060730 0.047891 0.074666 0.056247 0.058501 0.052325 0.095890 0.040590 0.036185 0.043806 0.062404 0.054673 0.050224 0.059304 0.061017 
I_PER: 0.050586 0.043410 0.055004 0.065133 0.053664 0.057790 0.065055 0.056174 0.090718 0.061781 0.047786 0.045808 0.050357 0.093141 0.047884 0.049255 0.066453 
L_PER: 0.041562 0.075294 0.037318 0.069469 0.045791 0.047777 0.052782 0.055532 0.057346 0.103584 0.057509 0.053893 0.045198 0.089088 0.054479 0.052137 0.061241 
O: 0.029632 0.150476 0.042629 0.041146 0.047065 0.054241 0.050805 0.062673 0.049907 0.072576 0.043057 0.065712 0.042947 0.071715 0.046322 0.059024 0.070075 
O: 0.033816 0.183345 0.044190 0.045720 0.036254 0.055729 0.061780 0.055518 0.039053 0.066196 0.041316 0.050344 0.055422 0.057014 0.045339 0.062228 0.066734 
O: 0.044161 0.143172 0.046660 0.061302 0.051247 0.051691 0.055323 0.051940 0.051527 0.043443 0.043953 0.071062 0.057063 0.050938 0.048865 0.059134 0.068517 
O: 0.023154 0.158458 0.056794 0.046974 0.047316 0.061839 0.064586 0.058518 0.051805 0.044759 0.043031 0.062413 0.052227 0.054365 0.055950 0.051621 0.066189 
O: 0.029167 0.137623 0.046856 0.064539 0.048068 0.055288 0.060764 0.060040 0.043931 0.054919 0.044041 0.062756 0.056120 0.055801 0.044319 0.065111 0.070659 
O: 0.034771 0.110746 0.054101 0.057165 0.053976 0.064558 0.051969 0.060347 0.054275 0.048581 0.042668 0.072406 0.061864 0.057455 0.046169 0.056469 0.072481 
O: 0.034508 0.094745 0.048119 0.055285 0.063775 0.062747 0.071076 0.056881 0.059280 0.063550 0.035525 0.072200 0.045546 0.060302 0.039877 0.061546 0.075038 
O: 0.057574 0.078421 0.051669 0.063051 0.042282 0.064457 0.061803 0.080931 0.048001 0.056740 0.032063 0.055350 0.076713 0.055378 0.043974 0.065375 0.066217 
O: 0.032659 0.196282 0.043042 0.061464 0.053888 0.054030 0.043394 0.054265 0.052893 0.048864 0.031131 0.067932 0.046663 0.052516 0.047319 0.051403 0.062255 
O: 0.032133 0.178745 0.039639 0.036573 0.062024 0.061787 0.067881 0.053997 0.049621 0.047805 0.038641 0.053270 0.047111 0.057972 0.047167 0.054242 0.071391 
O: 0.042926 0.136185 0.046408 0.051205 0.040551 0.057692 0.070024 0.067528 0.060521 0.051316 0.029497 0.050427 0.064306 0.053713 0.043343 0.062792 0.071567 
O: 0.041230 0.155661 0.051300 0.051582 0.055713 0.059030 0.047810 0.057015 0.055730 0.049760 0.033230 0.072369 0.043690 0.056387 0.046270 0.058044 0.065181 
O: 0.042639 0.153394 0.043653 0.048421 0.050270 0.058267 0.057446 0.059890 0.050665 0.049979 0.035371 0.063663 0.052201 0.059103 0.047171 0.057927 0.069940 
O: 0.033528 0.159329 0.051540 0.050151 0.041174 0.060665 0.060472 0.067026 0.048034 0.052678 0.041390 0.052340 0.053718 0.054771 0.046475 0.057867 0.068843 
O: 0.038383 0.126194 0.047991 0.041654 0.061757 0.066216 0.059204 0.055455 0.057440 0.048046 0.057880 0.066150 0.053201 0.052362 0.040974 0.057654 0.069439 
O: 0.050969 0.126580 0.062731 0.047648 0.040521 0.057243 0.052517 0.063184 0.070007 0.051368 0.041155 0.060005 0.051620 0.055029 0.039456 0.056427 0.073538 
O: 0.038144 0.162638 0.052777 0.043163 0.058398 0.065184 0.050346 0.073016 0.044607 0.056985 0.031136 0.066789 0.050057 0.056701 0.034819 0.053423 0.061813 
O: 0.044415 0.180502 0.025822 0.058929 0.056711 0.055456 0.040950 0.067541 0.051561 0.052757 0.056068 0.049764 0.050676 0.045624 0.059759 0.044805 0.058659 
O: 0.049013 0.158905 0.044884 0.051706 0.059603 0.057013 0.051706 0.047870 0.052948 0.044610 0.034895 0.051415 0.056492 0.049350 0.054351 0.074575 0.060663 

