B_LOC: 0.061929 0.091673 0.108195 0.049667 0.052944 0.045538 0.051455 0.065764 0.051613 0.046282 0.065560 0.037007 0.072606 0.045134 0.055712 0.044759 0.054164 
I_LOC: 0.034161 0.136134 0.054821 0.036696 0.048500 0.119831 0.064853 0.061749 0.051655 0.041175 0.026239 0.060035 0.038142 0.060895 0.051010 0.050543 0.063560 
I_LOC: 0.050230 0.036680 0.049569 0.061716 0.070370 0.103298 0.055757 0.066359 0.059535 0.054448 0.063637 0.041251 0.072045 0.050181 0.058411 0.051093 0.055419 
I_LOC: 0.032760 0.117918 0.044524 0.041731 0.049476 0.129350 0.059616 0.051452 0.051072 0.042550 0.031026 0.064896 0.049041 0.068519 0.042349 0.059905 0.063816 
L_LOC: 0.048866 0.073831 0.054058 0.101073 0.063395 0.050015 0.062321 0.052844 0.062037 0.046226 0.047089 0.048651 0.070215 0.055979 0.059248 0.048245 0.055908 
O: 0.036332 0.127749 0.058533 0.049273 0.052423 0.068662 0.061283 0.061355 0.058973 0.048602 0.033900 0.060814 0.038568 0.069300 0.049761 0.055080 0.069390 
O: 0.044559 0.090141 0.050749 0.057737 0.045166 0.051553 0.073568 0.053559 0.065808 0.058753 0.061416 0.044979 0.064798 0.063779 0.052162 0.055392 0.065881 
O: 0.034978 0.134328 0.033873 0.054618 0.042879 0.058179 0.052397 0.052408 0.052611 0.069544 0.051490 0.084575 0.043178 0.063157 0.047842 0.055679 0.068264 
O: 0.049256 0.110630 0.051854 0.039396 0.046657 0.066359 0.051334 0.069648 0.046652 0.049527 0.052136 0.081015 0.057866 0.052259 0.050142 0.054980 0.070289 
O: 0.030321 0.110251 0.060624 0.044562 0.040032 0.062931 0.083674 0.076368 0.052500 0.043267 0.037355 0.070129 0.052464 0.058315 0.043514 0.058846 0.074847 
U_ORG: 0.057635 0.057334 0.060880 0.041540 0.045798 0.060298 0.047687 0.088415 0.064599 0.052074 0.043410 0.054506 0.119978 0.046667 0.041373 0.049655 0.068151 
O: 0.040010 0.169835 0.050609 0.044754 0.045209 0.079965 0.043500 0.053899 0.049206 0.057271 0.036924 0.060378 0.048618 0.056268 0.037953 0.054261 0.071339 
O: 0.038995 0.120201 0.039239 0.063358 0.040657 0.076070 0.066202 0.061001 0.053084 0.053601 0.049003 0.063812 0.056230 0.053295 0.047801 0.050514 0.066939 
O: 0.032159 0.169488 0.069697 0.042455 0.043848 0.061200 0.061631 0.059532 0.059588 0.043386 0.033920 0.065295 0.046202 0.053744 0.042643 0.046794 0.068419 
U_LOC: 0.057038 0.059277 0.053227 0.066499 0.042244 0.053641 0.060481 0.057816 0.061635 0.051854 0.083748 0.049765 0.094535 0.051010 0.040860 0.053654 0.062714 
O: 0.034657 0.149985 0.046369 0.050528 0.050050 0.062908 0.047539 0.056210 0.055502 0.056342 0.037147 0.065006 0.048188 0.060782 0.058995 0.053953 0.065838 
O: 0.024232 0.148835 0.042429 0.056165 0.046868 0.056529 0.063661 0.050105 0.047580 0.053738 0.048580 0.057661 0.063550 0.062002 0.050301 0.053583 0.074179 
O: 0.035185 0.133891 0.049559 0.047154 0.034347 0.054199 0.083599 0.066548 0.045508 0.046279 0.038092 0.055585 0.060456 0.057695 0.053664 0.063800 0.074438 
O: 0.032484 0.120844 0.041078 0.051596 0.064140 0.059653 0.048705 0.077398 0.054080 0.043841 0.039150 0.076417 0.045355 0.052405 0.054266 0.058323 0.080263 
O: 0.035433 0.148919 0.053938 0.045228 0.063391 0.049987 0.057233 0.054596 0.051782 0.041904 0.040118 0.065495 0.050011 0.058024 0.041923 0.062581 0.079435 
O: 0.037678 0.137532 0.041258 0.055765 0.045237 0.060061 0.068560 0.051466 0.045802 0.048819 0.031371 0.066602 0.057842 0.059088 0.054186 0.065784 0.072948 
O: 0.030253 0.174467 0.043183 0.053941 0.056376 0.054901 0.053437 0.058084 0.047378 0.043119 0.033274 0.081317 0.041464 0.051008 0.047184 0.053688 0.076926 
O: 0.043157 0.139636 0.056242 0.036427 0.050940 0.058661 0.056141 0.066300 0.049305 0.044865 0.032321 0.089723 0.052153 0.054516 0.040850 0.060366 0.068399 
O: 0.056180 0.138889 0.033485 0.055627 0.055675 0.060223 0.040698 0.072082 0.047676 0.054672 0.057079 0.050462 0.051402 0.047799 0.057931 0.054690 0.065430 
O: 0.051836 0.144593 0.041977 0.053169 0.059207 0.060565 0.045967 0.049453 0.063338 0.042190 0.034907 0.052859 0.058487 0.046100 0.052181 0.079549 0.063623 

