O: 0.055444 0.120247 0.062859 0.051206 0.052820 0.048786 0.062702 0.050716 0.073207 0.047417 0.044290 0.064701 0.047615 0.052740 0.052823 0.048815 0.063609 
O: 0.035338 0.130451 0.047075 0.047800 0.036830 0.058902 0.055760 0.075422 0.045469 0.063703 0.050538 0.059035 0.048579 0.062625 0.046226 0.059015 0.077233 
O: 0.034055 0.176765 0.041441 0.059532 0.048100 0.056205 0.069814 0.050461 0.050884 0.050119 0.033020 0.062304 0.047939 0.054049 0.041523 0.053208 0.070580 
O: 0.038181 0.149336 0.047801 0.045486 0.048729 0.056618 0.063355 0.053603 0.051118 0.046892 0.039114 0.098589 0.052947 0.048233 0.039627 0.050646 0.069727 
O: 0.039163 0.151739 0.053206 0.044578 0.043092 0.057820 0.050828 0.061686 0.043163 0.045008 0.039230 0.086241 0.058803 0.051637 0.042181 0.060188 0.071439 
O: 0.041735 0.129191 0.056397 0.047353 0.044520 0.072699 0.052828 0.057739 0.062304 0.043308 0.043917 0.089336 0.048314 0.049483 0.037194 0.048794 0.074889 
O: 0.041998 0.098051 0.035285 0.063040 0.046019 0.077693 0.074938 0.066169 0.051891 0.050441 0.041995 0.063155 0.057499 0.058446 0.049292 0.053555 0.070531 
O: 0.036535 0.109186 0.054504 0.054619 0.041967 0.064413 0.057271 0.078917 0.054791 0.052575 0.043100 0.071013 0.053802 0.052558 0.044653 0.056121 0.073977 
O: 0.036186 0.127202 0.073166 0.043707 0.052039 0.065391 0.075070 0.054645 0.060658 0.040641 0.027411 0.065391 0.054481 0.059922 0.041618 0.055093 0.067380 
U_LOC: 0.052635 0.037744 0.041422 0.074704 0.068546 0.051469 0.059867 0.062278 0.055482 0.050874 0.126677 0.059741 0.048652 0.052082 0.048000 0.049931 0.059895 
O: 0.032495 0.134932 0.070958 0.047313 0.049523 0.062002 0.063120 0.059302 0.053470 0.047693 0.034706 0.064344 0.049202 0.054506 0.050041 0.057942 0.068452 
B_LOC: 0.024739 0.090821 0.087453 0.043030 0.040672 0.068671 0.074409 0.059055 0.053424 0.044399 0.031886 0.081638 0.055904 0.067177 0.045788 0.066498 0.064436 
L_LOC: 0.049722 0.062189 0.053699 0.083599 0.056631 0.075347 0.043592 0.068663 0.061854 0.052751 0.056561 0.064325 0.060287 0.052317 0.041446 0.048596 0.068422 
O: 0.034969 0.118149 0.052342 0.053220 0.074856 0.075994 0.043367 0.055454 0.050217 0.060226 0.040236 0.071794 0.045925 0.057615 0.035923 0.057664 0.072048 
O: 0.042629 0.104680 0.033118 0.066604 0.044934 0.068298 0.064059 0.070795 0.054119 0.054022 0.048456 0.054709 0.060532 0.056102 0.052654 0.053228 0.071062 
O: 0.034286 0.143648 0.055537 0.049425 0.055384 0.051988 0.062549 0.061500 0.054534 0.048767 0.038004 0.057126 0.056933 0.054518 0.043688 0.052597 0.079516 
O: 0.038761 0.181364 0.041192 0.046308 0.039715 0.056692 0.066492 0.052908 0.044306 0.048527 0.035829 0.057364 0.054493 0.054109 0.052978 0.061618 0.067342 
O: 0.049465 0.168030 0.041379 0.048545 0.047278 0.058594 0.047288 0.071589 0.052459 0.048222 0.035281 0.063303 0.045701 0.048442 0.044116 0.051439 0.078869 
O: 0.047304 0.137700 0.042422 0.047519 0.050308 0.058770 0.068210 0.059942 0.064617 0.043860 0.041519 0.058105 0.054228 0.052095 0.043720 0.054513 0.075169 
O: 0.040267 0.123135 0.048052 0.041332 0.039400 0.061241 0.064468 0.069500 0.060018 0.062742 0.052256 0.067421 0.051245 0.051326 0.043350 0.051815 0.072433 
O: 0.036691 0.116772 0.050090 0.045893 0.043438 0.059422 0.054222 0.075397 0.050571 0.053400 0.041946 0.078660 0.064784 0.055634 0.043466 0.053696 0.075918 
O: 0.032537 0.146936 0.042750 0.042953 0.064369 0.061772 0.077571 0.070576 0.043975 0.046615 0.029893 0.073209 0.048821 0.057091 0.038014 0.048766 0.074153 
O: 0.046878 0.138861 0.033824 0.058976 0.057448 0.054477 0.052345 0.065541 0.044723 0.048692 0.051004 0.065540 0.058523 0.047007 0.064151 0.049172 0.062839 
O: 0.041726 0.191199 0.037695 0.056327 0.052203 0.052852 0.048444 0.048040 0.045318 0.039383 0.035290 0.070638 0.047881 0.046189 0.046905 0.078718 0.061192 

