B_LOC: 0.047119 0.052259 0.093973 0.057315 0.052758 0.069175 0.052091 0.057991 0.069207 0.054825 0.061524 0.070700 0.053991 0.059495 0.039931 0.049054 0.058593 
I_LOC: 0.047839 0.064434 0.064139 0.054166 0.048840 0.090980 0.058818 0.055137 0.070193 0.056019 0.048699 0.069229 0.055503 0.063718 0.043753 0.047694 0.060839 
L_LOC: 0.043658 0.052465 0.059312 0.079532 0.050595 0.062303 0.054220 0.072684 0.066898 0.063953 0.054217 0.062454 0.057522 0.064128 0.042760 0.051828 0.061472 
O: 0.045186 0.099819 0.065634 0.049493 0.047751 0.070247 0.056456 0.060419 0.065198 0.054174 0.055299 0.058440 0.054416 0.064717 0.042560 0.051521 0.058671 
O: 0.043079 0.068187 0.061383 0.061668 0.047933 0.065664 0.058156 0.058863 0.065693 0.064850 0.064181 0.065301 0.053943 0.066119 0.049876 0.046595 0.058508 
B_LOC: 0.040772 0.076025 0.083672 0.049526 0.046498 0.056470 0.061947 0.057794 0.067159 0.057759 0.049578 0.075436 0.055763 0.062372 0.043620 0.051156 0.064454 
I_LOC: 0.035690 0.051620 0.091126 0.050101 0.046410 0.098076 0.049490 0.059185 0.052086 0.056555 0.063036 0.076719 0.054377 0.063441 0.041696 0.052735 0.057657 
I_LOC: 0.052508 0.061261 0.064394 0.055730 0.057771 0.097697 0.055275 0.061341 0.073031 0.048244 0.043786 0.073636 0.049380 0.058719 0.042475 0.047643 0.057108 
L_LOC: 0.037609 0.078153 0.054089 0.080528 0.057936 0.056479 0.061371 0.079391 0.064461 0.058519 0.037424 0.069073 0.053681 0.061683 0.038345 0.048833 0.062426 
O: 0.049509 0.123014 0.047146 0.049091 0.055350 0.049808 0.051366 0.070669 0.063760 0.056907 0.046683 0.058306 0.049608 0.063881 0.055335 0.044290 0.065279 
U_LOC: 0.053457 0.081283 0.039750 0.059142 0.050405 0.045023 0.046695 0.068714 0.067869 0.064949 0.089269 0.049320 0.060530 0.053930 0.045912 0.067122 0.056629 

