U_TTL: 0.049201 0.078954 0.063603 0.044941 0.102212 0.053256 0.069817 0.048148 0.075210 0.035925 0.034893 0.044626 0.051675 0.055424 0.083105 0.048655 0.060355 
B_PER: 0.055798 0.047676 0.053047 0.066958 0.055117 0.050308 0.070240 0.060515 0.084023 0.051329 0.041352 0.050247 0.042286 0.075666 0.055150 0.070398 0.069890 
I_PER: 0.044900 0.059412 0.038061 0.053612 0.059347 0.045092 0.048097 0.055799 0.081907 0.077932 0.051838 0.056670 0.052637 0.090146 0.060043 0.062402 0.062107 
L_PER: 0.029538 0.096499 0.042605 0.036988 0.062067 0.049103 0.063061 0.061410 0.042348 0.087889 0.036911 0.057135 0.044482 0.089337 0.054400 0.075617 0.070611 
U_TTL: 0.033398 0.068235 0.047487 0.042955 0.073625 0.058733 0.061240 0.055800 0.051010 0.063923 0.043837 0.059120 0.054503 0.066524 0.076693 0.074239 0.068679 
B_ORG: 0.033136 0.088780 0.036360 0.049441 0.050673 0.063910 0.104502 0.056342 0.050470 0.054251 0.033696 0.067852 0.047106 0.056910 0.047477 0.072384 0.086712 
L_ORG: 0.033589 0.079809 0.045702 0.055392 0.043098 0.066917 0.050675 0.102481 0.048664 0.056388 0.047463 0.077687 0.055176 0.051459 0.042384 0.071356 0.071760 
O: 0.046871 0.130084 0.055684 0.041200 0.050582 0.067284 0.061392 0.054163 0.076312 0.049463 0.031877 0.079812 0.048739 0.054820 0.037072 0.047565 0.067080 
U_LOC: 0.069370 0.045149 0.041042 0.041502 0.037194 0.049128 0.055016 0.088959 0.053130 0.066759 0.152626 0.051751 0.059413 0.047582 0.039027 0.041187 0.061167 
O: 0.042399 0.178632 0.049260 0.049977 0.039619 0.061107 0.047224 0.066435 0.056894 0.055163 0.035989 0.053485 0.046883 0.054294 0.045453 0.050634 0.066552 
O: 0.029495 0.176936 0.053024 0.041460 0.040065 0.056674 0.058287 0.058301 0.058826 0.046219 0.044719 0.052230 0.064784 0.058171 0.045437 0.056441 0.058933 
O: 0.033650 0.104650 0.041795 0.053655 0.053315 0.064297 0.060561 0.055846 0.064585 0.055615 0.046138 0.056557 0.064783 0.070038 0.054460 0.052878 0.067177 
O: 0.034594 0.090166 0.055596 0.052098 0.051372 0.062236 0.058986 0.051546 0.055408 0.049150 0.036697 0.064362 0.069684 0.078173 0.059867 0.059519 0.070547 
O: 0.032979 0.114228 0.048014 0.053411 0.050384 0.054999 0.057410 0.064025 0.055786 0.071546 0.034847 0.060599 0.052586 0.063206 0.051936 0.060330 0.073713 
O: 0.032716 0.151062 0.042120 0.055560 0.037905 0.054943 0.069445 0.052741 0.040195 0.065099 0.043658 0.068098 0.055858 0.052831 0.043068 0.059606 0.075096 
O: 0.033890 0.172737 0.040204 0.061308 0.038185 0.062836 0.047391 0.064759 0.046409 0.050571 0.042372 0.057350 0.061855 0.048411 0.043185 0.055955 0.072583 
O: 0.042362 0.140890 0.045725 0.055653 0.058962 0.060280 0.052527 0.053841 0.054000 0.044205 0.050168 0.061087 0.058088 0.051800 0.044049 0.059311 0.067052 
O: 0.035352 0.155733 0.047574 0.059487 0.052342 0.054818 0.053543 0.051517 0.055431 0.049190 0.043756 0.058840 0.055900 0.052717 0.049825 0.055594 0.068381 
O: 0.037069 0.175305 0.048847 0.041960 0.049273 0.053758 0.051899 0.068629 0.043389 0.050949 0.041386 0.052854 0.054610 0.056617 0.046409 0.057973 0.069072 
O: 0.035950 0.171931 0.046165 0.052823 0.049367 0.050592 0.083644 0.048909 0.056649 0.046728 0.032949 0.054947 0.050398 0.052007 0.039835 0.056356 0.070751 
O: 0.034506 0.160781 0.054510 0.039083 0.052004 0.061701 0.056428 0.066238 0.044958 0.051843 0.025464 0.091932 0.052536 0.051178 0.039908 0.052892 0.064039 
O: 0.044504 0.176644 0.028368 0.061866 0.057906 0.055943 0.043659 0.073406 0.043045 0.047539 0.047838 0.063693 0.045634 0.045778 0.053382 0.047157 0.063637 
O: 0.051584 0.154612 0.047130 0.052506 0.047355 0.054984 0.050597 0.048949 0.062898 0.039551 0.040853 0.074685 0.050392 0.044821 0.045782 0.071452 0.061848 

