O: 0.061798 0.132127 0.044977 0.050103 0.071349 0.045573 0.052223 0.050812 0.057359 0.053036 0.050322 0.040422 0.064131 0.054502 0.056659 0.048510 0.066098 
O: 0.035380 0.171501 0.061057 0.037899 0.048251 0.059660 0.061569 0.070223 0.046734 0.049021 0.031839 0.058712 0.043075 0.061405 0.042069 0.045157 0.076447 
O: 0.044885 0.133783 0.037087 0.059611 0.044369 0.062735 0.053174 0.064025 0.054412 0.059893 0.039800 0.051090 0.059187 0.055469 0.064982 0.054907 0.060590 
O: 0.043121 0.160667 0.032302 0.059213 0.059726 0.065123 0.046893 0.057046 0.055113 0.044242 0.034788 0.054721 0.048137 0.047720 0.050792 0.080440 0.059956 

