O: 0.048674 0.116734 0.065443 0.050591 0.055546 0.050583 0.059033 0.064021 0.057014 0.046992 0.058359 0.054632 0.059891 0.050101 0.052114 0.047117 0.063153 
O: 0.035126 0.124900 0.078017 0.047082 0.047056 0.070530 0.059706 0.058249 0.061742 0.044738 0.036883 0.070863 0.044672 0.056069 0.042529 0.049224 0.072615 
B_LOC: 0.045614 0.050934 0.100171 0.047109 0.045912 0.096849 0.052369 0.051371 0.065565 0.048144 0.068649 0.060897 0.064884 0.052970 0.046311 0.044720 0.057533 
I_LOC: 0.041952 0.081374 0.063900 0.050214 0.050903 0.097665 0.057027 0.060830 0.079024 0.056697 0.045628 0.060632 0.045823 0.063442 0.037612 0.046363 0.060915 
L_LOC: 0.049284 0.085265 0.044422 0.087366 0.036655 0.053048 0.049711 0.068163 0.058538 0.086658 0.046410 0.054713 0.063962 0.063266 0.043348 0.048902 0.060290 
O: 0.028076 0.174653 0.050881 0.046767 0.050293 0.056733 0.047072 0.054788 0.044005 0.058051 0.049766 0.070024 0.045795 0.059079 0.040831 0.053689 0.069498 
O: 0.040100 0.117511 0.073912 0.039798 0.055510 0.062346 0.064160 0.056886 0.054820 0.052991 0.042829 0.068064 0.056850 0.056252 0.040488 0.050942 0.066541 
U_LOC: 0.045521 0.070662 0.054732 0.070966 0.039856 0.057010 0.058446 0.061542 0.068458 0.057257 0.087971 0.056393 0.061887 0.051971 0.042114 0.051169 0.064045 
O: 0.032805 0.138061 0.048437 0.042904 0.042896 0.068793 0.051118 0.061807 0.057992 0.076214 0.048518 0.070579 0.042831 0.058967 0.041758 0.050064 0.066255 
O: 0.043366 0.141274 0.045773 0.058273 0.039302 0.059032 0.046775 0.057212 0.051804 0.063347 0.051502 0.059222 0.065541 0.055448 0.043237 0.049073 0.069819 
O: 0.045874 0.182948 0.047198 0.056895 0.046874 0.050183 0.053875 0.044787 0.052866 0.049522 0.046116 0.059276 0.057501 0.051976 0.038076 0.045400 0.070632 
O: 0.049645 0.144857 0.041188 0.044693 0.042976 0.053398 0.062223 0.053632 0.050307 0.060388 0.043328 0.064386 0.073042 0.055488 0.046434 0.047316 0.066700 
O: 0.052419 0.144316 0.043829 0.046077 0.051610 0.053998 0.059535 0.060245 0.045494 0.057306 0.042911 0.065870 0.055611 0.051458 0.040343 0.056221 0.072756 
O: 0.040980 0.170473 0.047593 0.047027 0.043080 0.056445 0.052716 0.067539 0.058323 0.049503 0.042487 0.058710 0.051616 0.049088 0.046936 0.048392 0.069091 
O: 0.037776 0.192455 0.042882 0.047265 0.042232 0.053504 0.055419 0.049484 0.052733 0.050023 0.038829 0.062987 0.051968 0.053729 0.046227 0.053156 0.069331 
O: 0.037943 0.142215 0.060365 0.036985 0.045585 0.062234 0.064239 0.067854 0.050936 0.052307 0.026269 0.073210 0.067621 0.054529 0.042793 0.048535 0.066379 
O: 0.040887 0.123352 0.032820 0.058638 0.058053 0.068131 0.050029 0.080786 0.046318 0.054189 0.062263 0.060744 0.050457 0.049272 0.055388 0.044791 0.063881 
O: 0.050525 0.153491 0.037871 0.055402 0.050127 0.064448 0.054506 0.053768 0.055520 0.041942 0.046883 0.056792 0.051466 0.046659 0.050138 0.069756 0.060706 

