O: 0.045516 0.075015 0.067137 0.057203 0.065537 0.057155 0.072097 0.051334 0.064578 0.053459 0.049575 0.060132 0.054232 0.058034 0.044486 0.059783 0.064726 
B_LOC: 0.037363 0.066916 0.084632 0.055555 0.053423 0.059964 0.064157 0.066293 0.058780 0.050342 0.049140 0.064906 0.055647 0.067294 0.049154 0.056861 0.059573 
L_LOC: 0.051026 0.046442 0.055007 0.077664 0.061275 0.069783 0.043247 0.063426 0.068472 0.057243 0.067228 0.067418 0.054165 0.059962 0.042055 0.052209 0.063377 
O: 0.051784 0.081846 0.059944 0.055021 0.065195 0.065756 0.054674 0.062333 0.073959 0.054470 0.040814 0.058693 0.050735 0.063769 0.043780 0.053257 0.063969 
O: 0.051764 0.083258 0.061316 0.057496 0.054959 0.057930 0.066689 0.069410 0.075993 0.063593 0.037450 0.055720 0.051627 0.060724 0.039617 0.051308 0.061146 
O: 0.040725 0.093812 0.079052 0.052055 0.053247 0.059771 0.061698 0.055628 0.062984 0.056144 0.044986 0.058385 0.054234 0.071526 0.049574 0.047896 0.058282 
O: 0.056394 0.074701 0.049185 0.063673 0.058375 0.060759 0.068757 0.052240 0.063793 0.055877 0.049132 0.073778 0.045181 0.068169 0.044141 0.051051 0.064797 
O: 0.057760 0.110787 0.045848 0.050967 0.058426 0.050525 0.048445 0.066019 0.080203 0.057724 0.040916 0.068944 0.047343 0.060628 0.049608 0.047176 0.058680 
O: 0.054395 0.121843 0.036661 0.064551 0.053616 0.047443 0.044621 0.059473 0.062800 0.070087 0.056573 0.047849 0.052220 0.057351 0.054385 0.058817 0.057315 

