O: 0.044521 0.106131 0.062480 0.038229 0.072738 0.059858 0.066711 0.046146 0.076283 0.038235 0.043854 0.054073 0.055799 0.063527 0.066267 0.047284 0.057862 
U_LOC: 0.049778 0.065539 0.043093 0.070289 0.048054 0.050468 0.054371 0.091004 0.050748 0.067233 0.078500 0.043247 0.046974 0.060065 0.051098 0.061359 0.068181 
O: 0.031982 0.154019 0.058833 0.040326 0.052071 0.074062 0.048488 0.054662 0.055765 0.043665 0.027906 0.059703 0.049311 0.069564 0.053257 0.064967 0.061417 
B_PER: 0.068968 0.053846 0.054881 0.046931 0.057414 0.056347 0.065130 0.047068 0.107423 0.064789 0.052840 0.053295 0.054095 0.065944 0.040427 0.052006 0.058595 
L_PER: 0.078475 0.072762 0.042641 0.055755 0.040406 0.052100 0.053794 0.066741 0.053983 0.089335 0.050215 0.054409 0.057148 0.073697 0.045416 0.045069 0.068054 
O: 0.030757 0.151537 0.043977 0.048357 0.050083 0.056873 0.056741 0.062314 0.045910 0.067481 0.041047 0.054712 0.045094 0.070003 0.048748 0.059452 0.066914 
O: 0.033846 0.153718 0.047812 0.048414 0.045919 0.063090 0.057811 0.055262 0.061829 0.057573 0.038989 0.063676 0.048064 0.058296 0.050601 0.049424 0.065675 
O: 0.038829 0.109527 0.052873 0.049963 0.051343 0.057422 0.062448 0.060793 0.053502 0.055886 0.041799 0.057409 0.064123 0.058177 0.054068 0.057624 0.074212 
O: 0.043224 0.119984 0.033498 0.053172 0.041815 0.060708 0.063019 0.055248 0.058521 0.062182 0.044281 0.068243 0.053664 0.066030 0.049907 0.052886 0.073617 
O: 0.053922 0.131886 0.054419 0.035440 0.048766 0.060692 0.055703 0.062084 0.046713 0.061969 0.041860 0.071216 0.058730 0.051884 0.040089 0.054529 0.070099 
O: 0.033925 0.157084 0.050248 0.047395 0.050846 0.065255 0.052652 0.078258 0.044116 0.046847 0.034963 0.062883 0.053197 0.057093 0.041734 0.058593 0.064913 
O: 0.055921 0.145213 0.029568 0.060339 0.064044 0.064514 0.045392 0.068633 0.059667 0.052165 0.043978 0.048756 0.051541 0.046276 0.056403 0.047787 0.059805 
O: 0.039870 0.167523 0.042467 0.050933 0.054710 0.058498 0.047917 0.048862 0.053648 0.047762 0.036063 0.051541 0.054149 0.051241 0.057227 0.075228 0.062361 

