O: 0.052364 0.116991 0.040095 0.060634 0.049554 0.045394 0.058432 0.064145 0.059135 0.061867 0.055896 0.047843 0.066565 0.058876 0.060038 0.043526 0.058644 
O: 0.041077 0.199843 0.038415 0.051863 0.045227 0.050113 0.048452 0.057572 0.053774 0.052928 0.034932 0.059758 0.044099 0.053364 0.046780 0.061499 0.060305 

