O: 0.065633 0.124122 0.041370 0.063538 0.054476 0.049826 0.055697 0.054074 0.056074 0.054500 0.062747 0.043101 0.061318 0.049098 0.055739 0.048454 0.060236 
O: 0.040735 0.139006 0.066540 0.050651 0.052990 0.065685 0.056267 0.050145 0.071514 0.044121 0.039299 0.061640 0.043558 0.054654 0.045573 0.047809 0.069815 
B_PER: 0.030873 0.055972 0.056990 0.043641 0.092996 0.057814 0.076990 0.068865 0.092896 0.047546 0.043307 0.053582 0.059331 0.070356 0.043972 0.046554 0.058315 
L_PER: 0.057883 0.055981 0.041430 0.075940 0.051168 0.055003 0.049873 0.072808 0.076571 0.088883 0.042503 0.046818 0.057150 0.063175 0.048933 0.054579 0.061302 
O: 0.046284 0.098911 0.069116 0.038277 0.044543 0.070073 0.056759 0.049947 0.063546 0.070196 0.028110 0.062520 0.046374 0.078587 0.048641 0.061323 0.066794 
O: 0.056671 0.127939 0.046340 0.062503 0.053092 0.046132 0.071426 0.055191 0.054782 0.069295 0.049854 0.043266 0.051206 0.055836 0.044580 0.050318 0.061569 
O: 0.042932 0.158397 0.048756 0.044112 0.042336 0.055113 0.056310 0.067461 0.055843 0.053586 0.040739 0.061925 0.047079 0.058728 0.048748 0.048660 0.069275 
O: 0.034185 0.122060 0.042687 0.055613 0.051702 0.058015 0.066881 0.066372 0.046937 0.057918 0.040586 0.056088 0.062182 0.064572 0.048060 0.058472 0.067669 
O: 0.041537 0.147664 0.049214 0.050037 0.048666 0.057564 0.057211 0.061658 0.054467 0.051158 0.036456 0.055581 0.063772 0.053932 0.049223 0.054291 0.067568 
O: 0.032941 0.186011 0.044492 0.037850 0.057691 0.071432 0.060801 0.071333 0.042262 0.045662 0.029059 0.055000 0.049535 0.057148 0.044673 0.049686 0.064425 
O: 0.053160 0.142758 0.025177 0.058629 0.051691 0.061389 0.048809 0.072888 0.051542 0.053724 0.046093 0.042528 0.055862 0.050123 0.066778 0.054496 0.064353 
O: 0.044676 0.183537 0.034358 0.050163 0.052486 0.058348 0.044757 0.049358 0.057246 0.043787 0.032832 0.053523 0.052566 0.047212 0.053795 0.078808 0.062550 

