B_PER: 0.041853 0.061964 0.066021 0.057453 0.054515 0.048687 0.065989 0.064047 0.070218 0.063736 0.046657 0.048873 0.052307 0.084799 0.042792 0.060304 0.069787 
I_PER: 0.050105 0.073296 0.050173 0.064568 0.063245 0.047087 0.048297 0.052793 0.072290 0.062618 0.043505 0.057880 0.048612 0.078624 0.076669 0.046274 0.063965 
L_PER: 0.089305 0.079751 0.035508 0.063602 0.051551 0.043171 0.048815 0.054180 0.063852 0.073807 0.055666 0.053004 0.046284 0.065063 0.045659 0.063720 0.067063 

