B_LOC: 0.053616 0.055832 0.100515 0.048346 0.054368 0.055286 0.054191 0.057799 0.075402 0.053292 0.049796 0.059768 0.062768 0.075683 0.039781 0.038145 0.065411 
L_LOC: 0.056436 0.049729 0.048989 0.107133 0.049382 0.047645 0.053089 0.058596 0.055080 0.083917 0.058364 0.053948 0.058627 0.059814 0.051041 0.047964 0.060244 
O: 0.040563 0.192903 0.046094 0.038849 0.050280 0.058973 0.047767 0.055202 0.055842 0.051732 0.029481 0.059323 0.042355 0.060506 0.058130 0.050152 0.061848 
U_LOC: 0.064755 0.057101 0.045888 0.065378 0.061258 0.042806 0.056377 0.048945 0.080601 0.054119 0.102537 0.044688 0.053460 0.048632 0.049780 0.065567 0.058108 

