O: 0.042149 0.215041 0.036710 0.051034 0.045474 0.056906 0.045224 0.059004 0.048992 0.045143 0.039353 0.058563 0.047482 0.048488 0.050538 0.045696 0.064204 
O: 0.043749 0.150648 0.043229 0.059377 0.053821 0.052359 0.059210 0.055885 0.060295 0.044828 0.048080 0.049051 0.062049 0.045881 0.049210 0.057825 0.064503 

