O: 0.068265 0.080145 0.039911 0.058802 0.063658 0.041753 0.050693 0.066425 0.070230 0.067683 0.083245 0.039609 0.049532 0.053236 0.058838 0.050533 0.057440 
O: 0.042200 0.203423 0.032095 0.054554 0.045091 0.054877 0.044073 0.049795 0.050393 0.052273 0.035354 0.051393 0.046952 0.057264 0.061555 0.056688 0.062022 

