O: 0.056678 0.113767 0.037801 0.067058 0.050474 0.044507 0.053286 0.057925 0.062803 0.057958 0.062870 0.043413 0.064374 0.056106 0.062720 0.048728 0.059531 
O: 0.037459 0.205340 0.037314 0.057745 0.048597 0.049508 0.047333 0.052974 0.051354 0.051631 0.030719 0.054675 0.043397 0.054572 0.049775 0.066004 0.061603 

