O: 0.055401 0.115496 0.036352 0.055166 0.059701 0.045071 0.049348 0.058800 0.063191 0.061257 0.057817 0.044937 0.057670 0.061507 0.063952 0.053559 0.060776 
O: 0.038229 0.197123 0.036722 0.056255 0.042741 0.050551 0.046584 0.055365 0.047632 0.058997 0.032474 0.053357 0.042085 0.058613 0.048436 0.071780 0.063057 

