O: 0.075498 0.110739 0.045724 0.054108 0.053640 0.048174 0.059343 0.048722 0.067590 0.057184 0.047563 0.041583 0.061840 0.057644 0.051395 0.057820 0.061432 
O: 0.037931 0.195078 0.040166 0.044400 0.045365 0.057375 0.056503 0.060832 0.052666 0.062036 0.028634 0.058360 0.042532 0.064755 0.038615 0.053160 0.061589 
O: 0.045403 0.136310 0.037723 0.052388 0.049539 0.052922 0.050253 0.059456 0.064740 0.059427 0.047057 0.055442 0.054395 0.060891 0.060381 0.049737 0.063939 
O: 0.040643 0.196182 0.034610 0.048225 0.053072 0.050898 0.049806 0.052248 0.050962 0.047339 0.035854 0.056784 0.044350 0.054234 0.058808 0.064936 0.061049 

