O: 0.032911 0.126044 0.068605 0.051676 0.040538 0.066671 0.060449 0.054954 0.051359 0.057915 0.041596 0.069906 0.052960 0.058637 0.045310 0.051573 0.068894 
O: 0.031826 0.105533 0.046837 0.072387 0.052215 0.057720 0.058622 0.077835 0.047736 0.043844 0.042272 0.055395 0.069215 0.050106 0.059383 0.064183 0.064891 
O: 0.037745 0.173076 0.053962 0.037972 0.064705 0.057726 0.049643 0.043046 0.060802 0.036464 0.037208 0.078269 0.046571 0.052460 0.048375 0.051329 0.070646 
B_LOC: 0.030613 0.049957 0.112686 0.053740 0.051978 0.064240 0.072420 0.053676 0.065005 0.049651 0.066094 0.055605 0.054702 0.058812 0.049422 0.047545 0.063855 
L_LOC: 0.049560 0.071129 0.037806 0.106456 0.043071 0.051032 0.042862 0.080003 0.060945 0.065946 0.062225 0.052542 0.058680 0.053874 0.052075 0.053689 0.058103 
O: 0.038304 0.177191 0.037130 0.060393 0.055392 0.049992 0.039473 0.051911 0.058252 0.060769 0.032826 0.067668 0.042274 0.056966 0.046305 0.065346 0.059809 

