B_LOC: 0.043313 0.058680 0.109159 0.048899 0.065896 0.060496 0.058554 0.056595 0.064532 0.039031 0.046347 0.058755 0.064005 0.055558 0.057826 0.047014 0.065339 
L_LOC: 0.037127 0.057199 0.067257 0.085112 0.059192 0.065717 0.057151 0.063058 0.072028 0.051091 0.052890 0.059451 0.047965 0.065907 0.039635 0.052756 0.066464 
B_PER: 0.054580 0.073200 0.042759 0.053944 0.045577 0.051416 0.056678 0.058522 0.107060 0.081219 0.045522 0.063228 0.049644 0.076347 0.036491 0.043679 0.060133 
L_PER: 0.075707 0.069128 0.040892 0.043301 0.039346 0.046751 0.053556 0.065058 0.057785 0.115038 0.052468 0.053812 0.060973 0.070366 0.044995 0.049236 0.061590 
O: 0.043103 0.180624 0.039286 0.045705 0.044218 0.048776 0.045938 0.074851 0.050802 0.062104 0.044886 0.055741 0.042547 0.058507 0.051054 0.047566 0.064293 
O: 0.040260 0.179338 0.046302 0.052757 0.047235 0.047823 0.052399 0.050715 0.052776 0.049860 0.041892 0.054433 0.054502 0.049434 0.059784 0.060278 0.060214 

