O: 0.041377 0.090786 0.068384 0.062720 0.069750 0.063752 0.051482 0.066680 0.066397 0.047712 0.042164 0.054212 0.052678 0.064838 0.046283 0.047590 0.063195 
O: 0.048889 0.129483 0.055786 0.050823 0.060083 0.053077 0.064018 0.056063 0.065508 0.057091 0.042410 0.053143 0.049016 0.066534 0.038513 0.052572 0.056992 
O: 0.038444 0.131964 0.052308 0.053836 0.061644 0.060984 0.055116 0.050679 0.067560 0.059981 0.037894 0.054950 0.048060 0.072333 0.044433 0.051975 0.057838 
O: 0.043142 0.110544 0.047964 0.055218 0.045595 0.049439 0.051051 0.065012 0.053278 0.064190 0.074133 0.059520 0.061868 0.059158 0.049657 0.052130 0.058100 
O: 0.030996 0.226067 0.056417 0.039190 0.053083 0.051778 0.044780 0.054993 0.052905 0.046690 0.028815 0.064830 0.035596 0.059695 0.048891 0.047930 0.057345 
U_LOC: 0.049822 0.065691 0.054625 0.080725 0.046418 0.043182 0.061472 0.066700 0.060771 0.050846 0.104992 0.047103 0.059193 0.048580 0.051372 0.052235 0.056273 

