U_PER: 0.099458 0.066754 0.045596 0.058942 0.044944 0.052578 0.065173 0.073592 0.070143 0.066184 0.037457 0.053553 0.058423 0.053076 0.041000 0.045625 0.067502 
O: 0.031485 0.175627 0.036902 0.039132 0.053772 0.056091 0.053138 0.070488 0.049042 0.058899 0.040409 0.062632 0.036560 0.066570 0.043104 0.058093 0.068059 
O: 0.039446 0.132400 0.048567 0.047107 0.047106 0.054817 0.050848 0.057235 0.060874 0.058306 0.045829 0.064040 0.052710 0.058782 0.058475 0.051082 0.072377 
O: 0.037219 0.179507 0.043841 0.042025 0.055680 0.048729 0.047902 0.059018 0.049373 0.047005 0.036039 0.058758 0.055970 0.051159 0.057790 0.050616 0.079369 
O: 0.034766 0.164954 0.047509 0.052210 0.048156 0.049085 0.058159 0.052263 0.052465 0.043231 0.045174 0.065928 0.051412 0.047468 0.049066 0.072394 0.065762 

