O: 0.034170 0.135170 0.052746 0.050596 0.047482 0.064747 0.070416 0.047553 0.053884 0.052063 0.040020 0.052468 0.061791 0.054291 0.052413 0.055762 0.074427 
O: 0.036685 0.172308 0.046772 0.053484 0.045578 0.060542 0.048906 0.060570 0.045373 0.047360 0.035832 0.066699 0.046046 0.051755 0.041418 0.058662 0.082011 
O: 0.059791 0.170957 0.040509 0.054111 0.055886 0.047822 0.049040 0.057842 0.058513 0.041532 0.035747 0.054837 0.058569 0.042741 0.045633 0.059582 0.066889 
O: 0.044046 0.174164 0.046343 0.051137 0.050664 0.052917 0.048759 0.049257 0.060439 0.043818 0.051590 0.059531 0.052171 0.045780 0.049096 0.056954 0.063336 

