B_PER: 0.072142 0.061377 0.055914 0.057047 0.057176 0.057133 0.058203 0.052885 0.080156 0.042243 0.055595 0.064739 0.057570 0.055218 0.052566 0.058185 0.061850 
I_PER: 0.038531 0.054683 0.060051 0.055890 0.055763 0.052461 0.070097 0.060871 0.067913 0.063948 0.048054 0.057459 0.058646 0.079744 0.054252 0.059393 0.062245 
L_PER: 0.043724 0.055023 0.042597 0.054526 0.044190 0.050600 0.060956 0.068385 0.055132 0.098658 0.061901 0.050080 0.056880 0.071882 0.050478 0.071764 0.063223 
O: 0.029863 0.149371 0.044582 0.045803 0.056275 0.058724 0.050143 0.053091 0.057414 0.069175 0.038447 0.073422 0.040088 0.063917 0.045781 0.062398 0.061504 
O: 0.049696 0.127047 0.040865 0.048540 0.049510 0.050963 0.044912 0.063624 0.056063 0.057807 0.050063 0.060914 0.052823 0.051709 0.071824 0.053342 0.070298 
O: 0.042843 0.156834 0.034199 0.056153 0.051564 0.050466 0.045738 0.050774 0.053932 0.053056 0.037712 0.053272 0.053789 0.047493 0.049974 0.089212 0.072988 

