O: 0.035807 0.182309 0.079567 0.030483 0.052382 0.053390 0.059115 0.066010 0.043653 0.041485 0.024623 0.057656 0.059438 0.051927 0.048877 0.049535 0.063743 
O: 0.049096 0.123904 0.032880 0.060520 0.044674 0.068706 0.056612 0.072878 0.049513 0.050323 0.059769 0.046235 0.054268 0.048239 0.065720 0.047183 0.069482 
O: 0.047951 0.132022 0.039409 0.054136 0.055320 0.066809 0.047193 0.054244 0.058584 0.042465 0.048095 0.060150 0.055841 0.046263 0.052718 0.075678 0.063124 

