O: 0.043096 0.179354 0.040422 0.043404 0.052111 0.050737 0.046705 0.070843 0.044440 0.048054 0.045804 0.040592 0.050142 0.053436 0.051893 0.064342 0.074624 
O: 0.037251 0.159544 0.035235 0.053550 0.050242 0.062792 0.049956 0.048301 0.053278 0.055967 0.032140 0.045989 0.057540 0.057828 0.047403 0.078226 0.074757 
O: 0.043772 0.179492 0.041183 0.045604 0.046675 0.045917 0.043830 0.057879 0.054379 0.045476 0.045544 0.056194 0.050190 0.047612 0.073071 0.057652 0.065530 
O: 0.046229 0.111689 0.038173 0.052943 0.115634 0.050313 0.046843 0.049780 0.055181 0.040745 0.033110 0.053355 0.050318 0.047802 0.064852 0.077895 0.065138 

