O: 0.038602 0.185263 0.030838 0.050629 0.065495 0.054675 0.041732 0.069108 0.046805 0.045766 0.052898 0.043335 0.050549 0.047278 0.071942 0.046675 0.058410 
O: 0.051192 0.161846 0.043622 0.056551 0.043241 0.058257 0.055349 0.048838 0.062178 0.038615 0.041790 0.051872 0.051875 0.045850 0.057390 0.066106 0.065428 

