O: 0.042966 0.225383 0.055223 0.038470 0.066345 0.049975 0.052821 0.053146 0.047087 0.037112 0.024366 0.048845 0.047917 0.049543 0.044693 0.050502 0.065604 
O: 0.050314 0.146896 0.037513 0.055073 0.055331 0.058288 0.054207 0.061182 0.054990 0.044667 0.052705 0.045239 0.051047 0.045999 0.071935 0.044208 0.070405 
O: 0.051489 0.190260 0.040685 0.056636 0.054552 0.057267 0.045599 0.050751 0.049338 0.039435 0.030842 0.049613 0.047116 0.048554 0.048884 0.073714 0.065265 

