O: 0.056996 0.061201 0.057827 0.052815 0.052441 0.062284 0.057350 0.065712 0.074962 0.064645 0.050267 0.059065 0.055290 0.065114 0.042377 0.055353 0.066303 
O: 0.047010 0.096006 0.048361 0.044514 0.065107 0.061893 0.055709 0.062845 0.068788 0.058529 0.060535 0.056424 0.049035 0.069773 0.048451 0.047686 0.059332 
O: 0.038370 0.114780 0.059776 0.051159 0.055438 0.056380 0.060916 0.054573 0.065266 0.060347 0.048649 0.058520 0.055987 0.065780 0.042787 0.054902 0.056369 
O: 0.036091 0.085667 0.086033 0.060380 0.059231 0.051591 0.050602 0.064021 0.064722 0.058511 0.033505 0.059934 0.077395 0.062764 0.043102 0.049279 0.057173 
B_LOC: 0.040032 0.053695 0.125782 0.052931 0.065861 0.065805 0.056378 0.058846 0.060356 0.055833 0.049894 0.052405 0.049724 0.063401 0.044611 0.045994 0.058453 
L_LOC: 0.047467 0.048079 0.059413 0.097060 0.067906 0.069842 0.057509 0.052042 0.078819 0.055871 0.046603 0.056217 0.043031 0.064657 0.043852 0.049494 0.062136 
O: 0.057881 0.084278 0.059376 0.061193 0.047512 0.055644 0.056969 0.054073 0.082007 0.060453 0.038383 0.074228 0.047858 0.059991 0.037475 0.063239 0.059439 
O: 0.039804 0.087852 0.059056 0.045407 0.051325 0.060946 0.053192 0.064251 0.067584 0.056326 0.064769 0.066709 0.045590 0.072092 0.055167 0.049552 0.060378 
O: 0.044039 0.116151 0.048385 0.053236 0.058355 0.056272 0.062182 0.053763 0.062852 0.063135 0.053570 0.060398 0.050397 0.065544 0.042741 0.050082 0.058898 
O: 0.037921 0.102311 0.076027 0.043805 0.043394 0.053402 0.061220 0.061131 0.074948 0.055378 0.044107 0.059018 0.079006 0.065471 0.042303 0.044143 0.056417 
U_LOC: 0.032468 0.065582 0.043966 0.056292 0.053430 0.065789 0.056964 0.065931 0.056341 0.069399 0.111876 0.048966 0.052950 0.074898 0.041656 0.047683 0.055808 
O: 0.034676 0.097671 0.072393 0.045964 0.057285 0.079390 0.054247 0.050569 0.071530 0.045278 0.030745 0.066168 0.044900 0.084728 0.050394 0.052415 0.061648 
B_ORG: 0.036304 0.061235 0.063926 0.059166 0.056075 0.055188 0.070009 0.054320 0.071156 0.059844 0.045169 0.061333 0.065723 0.078908 0.054016 0.050425 0.057202 
L_ORG: 0.041800 0.058283 0.039853 0.063725 0.053349 0.062390 0.061287 0.073912 0.063016 0.068938 0.052892 0.060017 0.058243 0.077161 0.043909 0.054642 0.066583 
O: 0.046772 0.101974 0.047734 0.046854 0.056401 0.064643 0.047490 0.056356 0.067667 0.051242 0.031738 0.071641 0.046238 0.087237 0.053823 0.059446 0.062743 
O: 0.058205 0.088033 0.042915 0.072679 0.048835 0.044689 0.054665 0.058249 0.068752 0.076409 0.045267 0.051027 0.055418 0.059499 0.056239 0.061261 0.057859 

