U_PER: 0.138828 0.068253 0.044252 0.046206 0.039768 0.043987 0.053970 0.053638 0.057693 0.076297 0.052379 0.055027 0.064389 0.056399 0.044182 0.042137 0.062594 
O: 0.034155 0.168674 0.048610 0.051511 0.055859 0.055442 0.043946 0.067714 0.044531 0.058664 0.037389 0.055329 0.052262 0.060015 0.040710 0.060108 0.065080 
O: 0.035569 0.177606 0.064875 0.039395 0.048670 0.067609 0.051922 0.042225 0.074252 0.048697 0.029795 0.061940 0.050059 0.057139 0.042088 0.044696 0.063463 
O: 0.071119 0.100970 0.033936 0.067511 0.047322 0.044886 0.047924 0.059140 0.061301 0.064268 0.070446 0.051139 0.062105 0.048246 0.059404 0.046492 0.063790 
O: 0.040830 0.218377 0.035845 0.051795 0.049897 0.043920 0.041679 0.061652 0.048796 0.050163 0.033331 0.056370 0.040948 0.053577 0.043086 0.064048 0.065685 

