O: 0.029360 0.136242 0.048161 0.056314 0.045799 0.055698 0.060351 0.053089 0.055034 0.060864 0.041033 0.068794 0.056769 0.055838 0.042125 0.057914 0.076615 
O: 0.041260 0.150958 0.049635 0.043440 0.048701 0.057963 0.060886 0.066870 0.052051 0.046465 0.041506 0.069857 0.052168 0.051027 0.042649 0.057267 0.067298 
O: 0.038154 0.167303 0.046754 0.049606 0.063327 0.050588 0.056963 0.070307 0.044289 0.042593 0.036546 0.068815 0.050945 0.049934 0.051982 0.044365 0.067528 
O: 0.040365 0.154180 0.045073 0.051379 0.058626 0.050711 0.055180 0.058233 0.066764 0.040063 0.042320 0.061907 0.046391 0.045556 0.054897 0.061271 0.067086 

