O: 0.059532 0.099232 0.038483 0.063688 0.052780 0.044977 0.057517 0.065578 0.069273 0.061777 0.055730 0.045213 0.058174 0.058695 0.063747 0.046057 0.059546 
O: 0.038288 0.194940 0.038580 0.055727 0.046644 0.049825 0.047762 0.057542 0.051774 0.056010 0.031203 0.056182 0.043447 0.056424 0.047611 0.066414 0.061624 

