O: 0.064443 0.106587 0.034443 0.058688 0.073013 0.046093 0.049074 0.058140 0.064568 0.060317 0.062444 0.038935 0.058774 0.050624 0.076883 0.042096 0.054880 
O: 0.050410 0.150211 0.039407 0.056493 0.045732 0.058752 0.048859 0.052625 0.060997 0.051702 0.038191 0.053298 0.043906 0.054350 0.055017 0.074180 0.065868 

