U_PER: 0.145697 0.104700 0.047130 0.046094 0.047424 0.042388 0.059436 0.047438 0.063636 0.060622 0.036640 0.039537 0.061812 0.051768 0.047659 0.040300 0.057720 
O: 0.036934 0.167138 0.042980 0.046855 0.042915 0.058617 0.056301 0.069611 0.051037 0.057488 0.046865 0.053218 0.042553 0.061077 0.045626 0.051201 0.069584 
O: 0.034225 0.157084 0.056422 0.051179 0.047601 0.050222 0.060002 0.048852 0.056880 0.053781 0.039738 0.061115 0.054181 0.058696 0.048487 0.053747 0.067788 
O: 0.028406 0.134252 0.048984 0.051929 0.058473 0.053889 0.063703 0.054208 0.052562 0.050347 0.032919 0.055135 0.057452 0.058843 0.065653 0.061071 0.072175 
O: 0.028472 0.172361 0.040560 0.043600 0.059217 0.056598 0.056503 0.069299 0.046902 0.049262 0.040319 0.059852 0.041408 0.054513 0.051572 0.055206 0.074357 
O: 0.040647 0.184222 0.043777 0.037060 0.044681 0.062118 0.047145 0.068569 0.049047 0.045715 0.030629 0.068434 0.053543 0.054976 0.040113 0.060842 0.068482 
O: 0.052338 0.129553 0.033585 0.058817 0.066545 0.060983 0.044628 0.070287 0.052374 0.057037 0.046046 0.050628 0.053509 0.049602 0.055551 0.051797 0.066720 
O: 0.058471 0.140311 0.043654 0.055472 0.052783 0.064395 0.047642 0.055610 0.063754 0.042177 0.036825 0.054665 0.055194 0.045101 0.046562 0.074528 0.062856 

