O: 0.046708 0.071799 0.054813 0.053911 0.050746 0.056716 0.057057 0.062261 0.082714 0.065687 0.057301 0.059631 0.051749 0.073268 0.041678 0.051288 0.062674 
O: 0.048511 0.116522 0.056072 0.045233 0.062349 0.057322 0.054280 0.061147 0.062186 0.059577 0.047580 0.057745 0.048914 0.069951 0.046402 0.047363 0.058847 
O: 0.052301 0.088563 0.061118 0.045845 0.061229 0.058141 0.056052 0.057689 0.063045 0.056854 0.054974 0.059474 0.060348 0.061512 0.046538 0.057106 0.059211 
O: 0.041222 0.153218 0.064504 0.049356 0.070845 0.054733 0.049290 0.055014 0.063410 0.052398 0.035625 0.052636 0.049336 0.061672 0.043367 0.047289 0.056086 
B_PER: 0.070513 0.066168 0.045748 0.051185 0.062204 0.050205 0.055852 0.057554 0.106057 0.053746 0.063393 0.049234 0.048589 0.059767 0.059217 0.045756 0.054812 
L_PER: 0.050048 0.073551 0.041469 0.076693 0.051601 0.044063 0.047906 0.061314 0.075244 0.083544 0.046416 0.053825 0.055130 0.065019 0.052194 0.063480 0.058504 

