O: 0.069613 0.095592 0.047452 0.049013 0.055289 0.050196 0.061828 0.056103 0.073265 0.050353 0.058447 0.042833 0.057898 0.054734 0.049462 0.062722 0.065201 
O: 0.034218 0.138836 0.047838 0.045630 0.044202 0.063882 0.052992 0.074169 0.046058 0.061317 0.034544 0.064141 0.039523 0.075359 0.050258 0.054037 0.072998 
O: 0.045679 0.123118 0.034133 0.052899 0.066660 0.059827 0.043364 0.063389 0.053677 0.059243 0.044188 0.053660 0.058418 0.057629 0.070399 0.050713 0.063004 
O: 0.049782 0.145682 0.041936 0.058862 0.047474 0.057942 0.051431 0.046779 0.050203 0.050874 0.034649 0.055143 0.054072 0.051510 0.054954 0.083134 0.065574 

