B_LOC: 0.025649 0.132768 0.101167 0.031683 0.048978 0.061569 0.063241 0.049198 0.062393 0.033218 0.031556 0.073625 0.059557 0.064215 0.048496 0.045907 0.066781 
L_LOC: 0.046971 0.058081 0.048698 0.103977 0.049399 0.058227 0.047909 0.085540 0.065612 0.066971 0.064001 0.043549 0.054080 0.056636 0.039081 0.044357 0.066910 
O: 0.035263 0.201567 0.033085 0.058969 0.046413 0.069552 0.046216 0.053653 0.055533 0.064808 0.032568 0.051623 0.039094 0.060634 0.040393 0.048106 0.062522 
O: 0.042091 0.154454 0.053867 0.043463 0.052479 0.057509 0.061064 0.041870 0.055992 0.061527 0.040152 0.060800 0.049126 0.061127 0.047084 0.056422 0.060973 
O: 0.037299 0.183895 0.038483 0.046761 0.036687 0.057752 0.057879 0.053933 0.048156 0.052651 0.044306 0.065982 0.058252 0.058766 0.046109 0.043358 0.069730 
O: 0.049440 0.199825 0.033995 0.041726 0.052260 0.048639 0.038835 0.069693 0.045819 0.047167 0.055726 0.051689 0.049883 0.047332 0.056124 0.047527 0.064321 
O: 0.045850 0.204757 0.042718 0.053586 0.051651 0.050627 0.053601 0.047239 0.058063 0.041337 0.039568 0.049050 0.047204 0.042728 0.048480 0.059827 0.063716 

