O: 0.036067 0.170033 0.064032 0.029396 0.082411 0.058906 0.058093 0.041474 0.052251 0.039751 0.017754 0.059497 0.048198 0.070853 0.062515 0.047527 0.061241 
O: 0.079093 0.071684 0.027778 0.079106 0.048557 0.052565 0.056021 0.066192 0.065725 0.068535 0.071321 0.038575 0.054509 0.048630 0.064135 0.044241 0.063334 
O: 0.048777 0.166864 0.040818 0.051635 0.048715 0.056225 0.041068 0.060487 0.050771 0.054396 0.031895 0.055422 0.043170 0.056051 0.045700 0.087733 0.060273 

