O: 0.035080 0.185910 0.071058 0.028561 0.061761 0.058355 0.059492 0.044379 0.052705 0.038182 0.021106 0.068284 0.051225 0.063535 0.054724 0.044550 0.061094 
U_LOC: 0.062495 0.056373 0.038344 0.069507 0.046986 0.051284 0.053425 0.071660 0.063614 0.057630 0.112359 0.044076 0.054679 0.049580 0.062277 0.042163 0.063547 
O: 0.039629 0.155679 0.042432 0.061283 0.049350 0.058839 0.043032 0.063725 0.050313 0.055284 0.034627 0.052056 0.052000 0.054394 0.048068 0.078753 0.060536 

