O: 0.031136 0.273699 0.044209 0.046065 0.051530 0.048358 0.045737 0.043733 0.044643 0.042391 0.030032 0.041722 0.046417 0.051083 0.058109 0.046905 0.054232 
O: 0.031258 0.265289 0.047185 0.043940 0.040728 0.053518 0.051722 0.044159 0.046580 0.033631 0.037541 0.044303 0.054253 0.045144 0.048467 0.050898 0.061383 
O: 0.034870 0.146654 0.067032 0.041821 0.052865 0.071308 0.065292 0.051924 0.057021 0.040286 0.032541 0.057261 0.062093 0.051604 0.043525 0.055785 0.068118 
U_TTL: 0.031985 0.080268 0.069578 0.067125 0.083558 0.063293 0.066795 0.058830 0.081001 0.038400 0.047428 0.053146 0.057111 0.051338 0.039359 0.050621 0.060164 
B_PER: 0.052260 0.049014 0.065377 0.065234 0.057670 0.061368 0.057416 0.075449 0.082179 0.053670 0.039882 0.055839 0.056618 0.064339 0.048866 0.051388 0.063431 
I_PER: 0.053635 0.055599 0.048477 0.058242 0.054044 0.054726 0.060973 0.052877 0.077205 0.084351 0.041225 0.064051 0.051624 0.084208 0.047000 0.049329 0.062435 
L_PER: 0.076801 0.070810 0.045172 0.045817 0.037741 0.050699 0.051634 0.062642 0.068791 0.095111 0.044086 0.060509 0.058839 0.065673 0.044448 0.059333 0.061893 
O: 0.032314 0.165684 0.044836 0.044810 0.048178 0.056433 0.047435 0.064110 0.048993 0.067446 0.038331 0.057784 0.043705 0.065454 0.047793 0.062605 0.064087 
O: 0.036295 0.153480 0.043887 0.045381 0.049727 0.061135 0.058169 0.056251 0.057641 0.057727 0.050351 0.051512 0.052841 0.054278 0.050520 0.052445 0.068360 
O: 0.047291 0.117033 0.043639 0.052896 0.053871 0.057648 0.050317 0.056206 0.054923 0.057894 0.047118 0.056526 0.061119 0.053906 0.054103 0.060546 0.074964 
O: 0.039369 0.174451 0.051869 0.047942 0.044111 0.048891 0.054521 0.055463 0.059834 0.050215 0.036471 0.057910 0.053275 0.053161 0.043577 0.053651 0.075288 
O: 0.042350 0.134131 0.052796 0.040041 0.041421 0.061004 0.067781 0.054765 0.048754 0.056251 0.048324 0.070079 0.058013 0.058916 0.047050 0.048657 0.069669 
O: 0.034348 0.177104 0.045961 0.063754 0.047929 0.050752 0.057575 0.065601 0.041526 0.050852 0.035293 0.060247 0.046333 0.054883 0.039592 0.059191 0.069060 
O: 0.047665 0.169188 0.048378 0.050598 0.042907 0.054224 0.052955 0.054269 0.061481 0.043745 0.040234 0.061798 0.051843 0.053511 0.047747 0.054695 0.064762 
O: 0.032940 0.141987 0.054531 0.037501 0.056177 0.065976 0.062384 0.055832 0.054606 0.053223 0.043498 0.054473 0.057611 0.055793 0.054550 0.048255 0.070665 
O: 0.048104 0.157554 0.041308 0.054986 0.044989 0.061193 0.056079 0.050220 0.044238 0.057240 0.036009 0.053386 0.055058 0.059236 0.048509 0.059295 0.072595 
O: 0.044619 0.175777 0.044004 0.047447 0.042990 0.055239 0.056229 0.052775 0.050194 0.048568 0.033383 0.066911 0.051184 0.049464 0.040397 0.073652 0.067166 
O: 0.034235 0.153451 0.046612 0.039908 0.056357 0.067136 0.046905 0.075689 0.055276 0.044298 0.037656 0.078494 0.051258 0.057518 0.040301 0.048324 0.066582 
O: 0.058380 0.132379 0.031623 0.057596 0.061734 0.057681 0.045349 0.068453 0.054369 0.056277 0.056763 0.048752 0.048691 0.050343 0.061876 0.045842 0.063892 
O: 0.042543 0.166675 0.040501 0.049124 0.043708 0.060588 0.046161 0.049996 0.056408 0.044223 0.047010 0.054462 0.059396 0.049387 0.053213 0.076012 0.060594 

