O: 0.054560 0.219943 0.039509 0.044771 0.065607 0.050790 0.044399 0.052881 0.048224 0.047384 0.035262 0.038384 0.049728 0.046028 0.063390 0.043771 0.055369 
O: 0.048105 0.172542 0.038862 0.056291 0.043551 0.060119 0.052352 0.051300 0.061556 0.040582 0.043562 0.049861 0.050561 0.045525 0.056246 0.064375 0.064611 

