U_TTL: 0.039739 0.095755 0.078491 0.049554 0.093543 0.051305 0.068773 0.046337 0.089107 0.038600 0.037402 0.045567 0.056422 0.054256 0.050388 0.047671 0.057091 
B_PER: 0.058220 0.046848 0.062460 0.065150 0.055343 0.062555 0.061701 0.064827 0.087976 0.052555 0.044836 0.055541 0.050692 0.064148 0.051157 0.048468 0.067523 
I_PER: 0.042490 0.061718 0.056746 0.063229 0.055420 0.061284 0.062121 0.050619 0.066387 0.067445 0.042569 0.065808 0.050202 0.079327 0.054899 0.055807 0.063930 
O: 0.048831 0.099707 0.047041 0.053470 0.038507 0.050308 0.052566 0.069799 0.067842 0.075751 0.055720 0.056775 0.050688 0.066666 0.041677 0.060357 0.064297 
O: 0.033243 0.159621 0.040958 0.044678 0.047396 0.061957 0.048844 0.062941 0.055479 0.074339 0.038376 0.060294 0.042387 0.067937 0.043200 0.051087 0.067262 
O: 0.036524 0.124427 0.050906 0.044045 0.046305 0.053634 0.066657 0.060994 0.057530 0.058203 0.059229 0.054565 0.064380 0.058422 0.042489 0.055072 0.066618 
O: 0.037560 0.145959 0.051395 0.043382 0.044124 0.068609 0.056722 0.071713 0.054766 0.058178 0.038840 0.054917 0.060075 0.055826 0.041079 0.048537 0.068319 
O: 0.032317 0.146147 0.052771 0.054492 0.051393 0.056003 0.069756 0.052446 0.059562 0.047387 0.046603 0.057929 0.052468 0.054625 0.047066 0.050105 0.068931 
O: 0.036233 0.185077 0.042554 0.050387 0.041513 0.053648 0.053367 0.053686 0.053805 0.057762 0.033151 0.058718 0.048960 0.055818 0.053883 0.055981 0.065459 
O: 0.028610 0.184817 0.046608 0.038353 0.038843 0.061772 0.060834 0.061181 0.051530 0.050378 0.036082 0.053350 0.055448 0.056076 0.045653 0.053417 0.077049 
O: 0.051113 0.140298 0.038955 0.054153 0.041434 0.059999 0.052018 0.055666 0.046675 0.060227 0.046777 0.068736 0.050499 0.053900 0.043336 0.058740 0.077474 
O: 0.038473 0.188182 0.040809 0.054527 0.044584 0.059924 0.057142 0.055403 0.048500 0.042863 0.040628 0.063364 0.051754 0.047271 0.036494 0.059655 0.070428 
O: 0.040380 0.129709 0.049016 0.056227 0.044166 0.051362 0.066073 0.057459 0.050132 0.047799 0.047011 0.068482 0.058259 0.053758 0.057269 0.057168 0.065729 
O: 0.027770 0.191467 0.047807 0.039685 0.050754 0.051979 0.048398 0.061059 0.051687 0.047868 0.046281 0.067652 0.045320 0.052402 0.049447 0.057567 0.062855 
O: 0.035480 0.174115 0.049319 0.048786 0.048242 0.053150 0.063377 0.060519 0.035999 0.058706 0.035418 0.052181 0.061125 0.053528 0.045326 0.054267 0.070462 
O: 0.044023 0.148625 0.042052 0.048419 0.041924 0.061377 0.048965 0.063813 0.051738 0.047211 0.050730 0.053715 0.060161 0.051077 0.043375 0.064651 0.078143 
O: 0.044493 0.143578 0.049181 0.048782 0.061702 0.051005 0.066765 0.054524 0.050781 0.047453 0.040492 0.059630 0.054363 0.049570 0.041717 0.062947 0.073016 
O: 0.030257 0.125217 0.056376 0.052786 0.063105 0.052929 0.057297 0.058375 0.048575 0.044310 0.037325 0.062257 0.054227 0.057190 0.049585 0.078782 0.071406 
O: 0.033599 0.122797 0.075944 0.059675 0.048526 0.062658 0.069856 0.051348 0.044327 0.042602 0.029108 0.065837 0.049506 0.056941 0.056854 0.057820 0.072603 
O: 0.028427 0.168031 0.041927 0.072554 0.043874 0.064140 0.050598 0.063819 0.053109 0.043337 0.034188 0.075690 0.039411 0.052051 0.041744 0.054132 0.072965 
O: 0.035416 0.140950 0.037743 0.061622 0.042150 0.064770 0.064356 0.067608 0.049149 0.050260 0.044417 0.067370 0.049720 0.052248 0.036955 0.059544 0.075721 
O: 0.038878 0.114146 0.083479 0.046275 0.045790 0.068696 0.048845 0.066161 0.055887 0.041064 0.048384 0.067144 0.061437 0.045994 0.042667 0.055877 0.069276 
O: 0.033186 0.115978 0.071642 0.036579 0.055058 0.102510 0.059898 0.063865 0.057129 0.039722 0.027159 0.080331 0.049519 0.057083 0.037687 0.045673 0.066981 
O: 0.066541 0.062261 0.025887 0.083272 0.051894 0.062092 0.058530 0.091266 0.057858 0.055185 0.060948 0.046777 0.063798 0.049540 0.065928 0.040034 0.058187 
O: 0.040249 0.145086 0.041621 0.055413 0.050502 0.055737 0.046666 0.061225 0.054104 0.053167 0.037617 0.060730 0.045754 0.056371 0.050798 0.081408 0.063553 

