O: 0.050789 0.117667 0.045664 0.074057 0.041404 0.049859 0.055289 0.067440 0.050516 0.053864 0.048073 0.042823 0.063243 0.059725 0.045624 0.071586 0.062376 
O: 0.054355 0.152476 0.031547 0.054568 0.061478 0.052890 0.039680 0.063206 0.061948 0.050788 0.044056 0.058199 0.044163 0.051655 0.063706 0.053666 0.061620 
O: 0.032737 0.187630 0.047904 0.045164 0.045097 0.046304 0.057241 0.047841 0.057510 0.050023 0.043748 0.054418 0.053617 0.049984 0.062550 0.055703 0.062528 

