O: 0.046458 0.075880 0.050468 0.054599 0.050181 0.053855 0.052728 0.071794 0.064198 0.073184 0.065783 0.056927 0.050863 0.060941 0.058421 0.050138 0.063582 
O: 0.029238 0.112555 0.052339 0.041703 0.073821 0.067186 0.065481 0.048144 0.053975 0.051441 0.030907 0.075020 0.046335 0.070973 0.053819 0.061344 0.065718 
O: 0.061178 0.068030 0.056265 0.047150 0.046937 0.048445 0.084868 0.064143 0.088013 0.047018 0.048192 0.053113 0.077900 0.049075 0.053233 0.043931 0.062509 
O: 0.052145 0.123061 0.032971 0.078441 0.060249 0.042488 0.042156 0.081907 0.056393 0.067287 0.053407 0.048174 0.043715 0.052065 0.045279 0.064095 0.056168 

