O: 0.065462 0.100109 0.036300 0.056626 0.068297 0.050725 0.047085 0.059748 0.063633 0.060817 0.059409 0.040135 0.057872 0.052856 0.076595 0.046306 0.058025 
O: 0.044869 0.157812 0.039225 0.054183 0.041806 0.059017 0.050744 0.051480 0.053925 0.051612 0.042567 0.052993 0.044518 0.056874 0.052792 0.080535 0.065048 

