B_PER: 0.068703 0.063507 0.045182 0.053093 0.062391 0.048067 0.056826 0.055776 0.106584 0.060194 0.049174 0.049264 0.047934 0.073286 0.057488 0.045309 0.057224 
L_PER: 0.055700 0.078386 0.040659 0.071177 0.051175 0.043337 0.046405 0.062020 0.073544 0.088356 0.051745 0.051115 0.049893 0.065924 0.048418 0.063017 0.059128 

