O: 0.025252 0.157468 0.044722 0.043560 0.062045 0.052447 0.053168 0.051296 0.044916 0.049260 0.037063 0.071610 0.051500 0.058808 0.067525 0.059832 0.069528 
O: 0.040203 0.155477 0.048449 0.049921 0.046901 0.058605 0.041893 0.059166 0.044932 0.053197 0.031761 0.071222 0.055776 0.055450 0.042658 0.058037 0.086352 
O: 0.052135 0.137060 0.034877 0.067194 0.061043 0.054294 0.041388 0.065814 0.051513 0.046130 0.045603 0.056487 0.060543 0.045912 0.048931 0.063203 0.067873 
O: 0.046160 0.190870 0.036480 0.059960 0.052999 0.055168 0.049209 0.056555 0.065688 0.040982 0.032866 0.053161 0.045772 0.041140 0.046798 0.062730 0.063460 

