B_LOC: 0.029831 0.127692 0.138401 0.029051 0.061399 0.059930 0.061779 0.047831 0.053363 0.035251 0.018097 0.067595 0.049453 0.057774 0.058095 0.046467 0.057990 
L_LOC: 0.053929 0.048701 0.030187 0.107595 0.062073 0.062279 0.051382 0.076418 0.062730 0.048379 0.083064 0.041572 0.052647 0.047667 0.065901 0.039600 0.065877 
O: 0.041632 0.152007 0.030899 0.065120 0.047455 0.061775 0.050924 0.060733 0.053472 0.052343 0.036663 0.054973 0.042157 0.052917 0.042278 0.091398 0.063257 

