O: 0.036540 0.213053 0.058844 0.032907 0.045087 0.056059 0.054561 0.061375 0.047168 0.043869 0.022232 0.058750 0.060291 0.054420 0.048243 0.046666 0.059936 
O: 0.048904 0.136461 0.032358 0.058518 0.053037 0.066853 0.048711 0.072427 0.052644 0.051002 0.060501 0.049939 0.046173 0.048499 0.063108 0.042861 0.068004 
O: 0.048847 0.156104 0.038706 0.058221 0.053203 0.062199 0.051850 0.051138 0.057818 0.042994 0.041290 0.053032 0.052562 0.047245 0.051533 0.071617 0.061639 

