O: 0.039927 0.129903 0.060722 0.042223 0.054321 0.053806 0.068404 0.050795 0.062275 0.045591 0.036761 0.054252 0.086025 0.060177 0.047172 0.050517 0.057129 
O: 0.041148 0.096906 0.041950 0.067060 0.056872 0.055995 0.070449 0.070656 0.058921 0.061939 0.047835 0.047172 0.072101 0.056176 0.043122 0.050556 0.061143 
O: 0.029636 0.190122 0.066726 0.040039 0.073666 0.066251 0.043505 0.050900 0.058402 0.044533 0.027855 0.056379 0.037669 0.061252 0.043074 0.052758 0.057233 
B_PER: 0.041567 0.079647 0.064489 0.052459 0.073986 0.058504 0.082932 0.042461 0.086867 0.044327 0.036904 0.052225 0.052944 0.062088 0.061573 0.048949 0.058080 
L_PER: 0.059951 0.047224 0.056308 0.061515 0.053272 0.063539 0.064021 0.065540 0.085204 0.068672 0.036792 0.066875 0.046884 0.059119 0.039496 0.059797 0.065789 
O: 0.037017 0.093279 0.062224 0.052615 0.051545 0.060989 0.055072 0.060472 0.070132 0.067121 0.044306 0.068742 0.046625 0.073555 0.044891 0.049555 0.061858 
O: 0.047737 0.110103 0.054388 0.049805 0.059423 0.054757 0.053001 0.056950 0.065866 0.058818 0.054930 0.058902 0.051962 0.074506 0.045058 0.045590 0.058203 
O: 0.059073 0.121565 0.033739 0.060152 0.054895 0.044679 0.047047 0.064136 0.065727 0.070295 0.051838 0.046319 0.060575 0.060264 0.058105 0.045341 0.056250 
O: 0.040186 0.170236 0.038692 0.051727 0.048747 0.054071 0.043482 0.052790 0.051178 0.065054 0.035584 0.058654 0.045403 0.062474 0.052051 0.070715 0.058956 

