I_LOC: 0.038691 0.113532 0.067897 0.053231 0.059725 0.077297 0.062443 0.059895 0.059139 0.036826 0.026801 0.072984 0.051377 0.057210 0.043185 0.047122 0.072644 
L_LOC: 0.046530 0.052720 0.047563 0.093062 0.044870 0.056150 0.059608 0.080668 0.071523 0.053130 0.059801 0.049635 0.062778 0.058086 0.042140 0.048540 0.073196 
O: 0.035739 0.149666 0.043126 0.061199 0.051069 0.060042 0.051921 0.073347 0.058057 0.065545 0.030354 0.055855 0.040704 0.059771 0.037133 0.056387 0.070085 
O: 0.027533 0.135041 0.047643 0.053589 0.044170 0.056240 0.076932 0.046462 0.042049 0.053900 0.038595 0.075071 0.052276 0.067271 0.058952 0.056297 0.067979 
O: 0.041829 0.156476 0.055508 0.045938 0.049264 0.053502 0.053073 0.080907 0.044095 0.040767 0.032657 0.064093 0.052167 0.050604 0.054073 0.051509 0.073540 
O: 0.043246 0.164187 0.042178 0.061527 0.048411 0.067210 0.046164 0.051853 0.053005 0.039494 0.041176 0.071907 0.043652 0.044143 0.042764 0.069421 0.069663 

