O: 0.046377 0.126366 0.057964 0.048310 0.056887 0.054826 0.067767 0.049579 0.066856 0.042165 0.042154 0.054057 0.067988 0.053407 0.055178 0.051061 0.059058 
O: 0.042379 0.129596 0.047820 0.046560 0.057449 0.057777 0.064548 0.069168 0.062656 0.048548 0.038780 0.058164 0.064801 0.063421 0.039016 0.049217 0.060099 
O: 0.058010 0.098506 0.038606 0.058820 0.054647 0.048617 0.045526 0.073493 0.056058 0.067616 0.068344 0.046862 0.062806 0.058795 0.057750 0.047958 0.057586 
O: 0.038139 0.176034 0.042106 0.055623 0.056034 0.052136 0.042997 0.050067 0.052873 0.052610 0.039111 0.056566 0.041548 0.056957 0.059838 0.069046 0.058313 

