B_ORG: 0.032897 0.079422 0.068436 0.045416 0.050800 0.061206 0.106735 0.056742 0.058133 0.046615 0.043745 0.069436 0.053576 0.057803 0.053104 0.049459 0.066473 
I_ORG: 0.030146 0.075134 0.047601 0.054598 0.046474 0.076227 0.073136 0.075480 0.054582 0.045488 0.039236 0.095495 0.048696 0.067734 0.043134 0.050640 0.076199 
I_ORG: 0.033129 0.067664 0.070533 0.042952 0.050129 0.076369 0.066981 0.045593 0.066866 0.036999 0.038175 0.123324 0.052688 0.062164 0.036903 0.059602 0.069928 
L_ORG: 0.044243 0.060445 0.059657 0.062865 0.054212 0.060288 0.063145 0.081315 0.069089 0.052467 0.042375 0.060585 0.067119 0.060671 0.048058 0.052111 0.061357 
B_PER: 0.066336 0.059152 0.052944 0.056523 0.052196 0.055333 0.063191 0.061830 0.082255 0.057198 0.047659 0.065599 0.050503 0.062687 0.050858 0.056103 0.059634 
I_PER: 0.029596 0.051678 0.069321 0.047457 0.050484 0.059107 0.078537 0.058938 0.065214 0.065725 0.044480 0.063900 0.056459 0.083635 0.060114 0.054494 0.060861 
L_PER: 0.049940 0.075018 0.038933 0.059703 0.044716 0.046210 0.048477 0.077406 0.055663 0.091526 0.063767 0.058517 0.048676 0.062776 0.056729 0.056696 0.065247 
O: 0.037254 0.185081 0.037006 0.052395 0.050953 0.051489 0.041986 0.055032 0.051618 0.057647 0.038424 0.066156 0.041486 0.055050 0.044638 0.075078 0.058707 

