O: 0.045000 0.078573 0.055747 0.050048 0.073998 0.056375 0.065107 0.049860 0.073566 0.049126 0.046168 0.062272 0.046591 0.065491 0.068161 0.052631 0.061284 
O: 0.057118 0.057529 0.048977 0.045787 0.054707 0.050316 0.073969 0.067100 0.080224 0.061085 0.050645 0.056298 0.070872 0.060940 0.052886 0.050497 0.061049 
O: 0.050765 0.123277 0.036694 0.068132 0.054080 0.044300 0.044433 0.077833 0.057106 0.070375 0.050710 0.047199 0.048858 0.057214 0.050312 0.063000 0.055711 

