O: 0.055658 0.119527 0.033737 0.055000 0.066793 0.049254 0.049724 0.055601 0.060981 0.056749 0.063499 0.048581 0.056332 0.053780 0.065338 0.050852 0.058594 
O: 0.044586 0.147178 0.036890 0.060207 0.042232 0.056210 0.048027 0.056362 0.056095 0.052592 0.044999 0.057245 0.046124 0.056409 0.056299 0.072430 0.066115 

