B_PER: 0.057292 0.059534 0.058502 0.052838 0.070826 0.051312 0.060095 0.046405 0.095739 0.046390 0.049443 0.053210 0.057786 0.066510 0.055526 0.056275 0.062314 
I_PER: 0.053349 0.070990 0.053627 0.048803 0.056291 0.052619 0.056764 0.061805 0.080580 0.061174 0.042683 0.060848 0.052936 0.099216 0.037913 0.045313 0.065088 
L_PER: 0.038035 0.078314 0.043661 0.062110 0.050352 0.046211 0.053160 0.062201 0.053967 0.103486 0.055846 0.045491 0.056109 0.081453 0.050814 0.058347 0.060442 
O: 0.025035 0.171201 0.051362 0.044856 0.059716 0.058590 0.055584 0.049055 0.050808 0.053765 0.030128 0.069354 0.036964 0.074068 0.052234 0.052706 0.064573 
O: 0.048852 0.081055 0.054878 0.041019 0.062264 0.050798 0.069773 0.048670 0.089029 0.047808 0.048220 0.057484 0.061474 0.070010 0.056805 0.050168 0.061693 
O: 0.069307 0.089884 0.029084 0.058696 0.042104 0.045324 0.049252 0.081217 0.057185 0.081198 0.061179 0.045562 0.054881 0.061441 0.050785 0.059443 0.063460 
O: 0.034946 0.191898 0.038817 0.051929 0.047979 0.053237 0.042053 0.053211 0.052545 0.059898 0.033497 0.054495 0.043983 0.059154 0.052477 0.069635 0.060249 

