O: 0.041958 0.063779 0.059163 0.054781 0.054919 0.060823 0.060112 0.055895 0.073343 0.070925 0.052437 0.063322 0.060675 0.067866 0.046895 0.052435 0.060670 
O: 0.052896 0.117215 0.046158 0.052011 0.058345 0.052815 0.049331 0.062205 0.068792 0.062327 0.045339 0.060403 0.045287 0.062369 0.060480 0.046711 0.057315 
O: 0.055028 0.078523 0.047354 0.066411 0.049676 0.046863 0.052175 0.059733 0.078261 0.066497 0.071562 0.050907 0.052328 0.055871 0.050075 0.061470 0.057267 

