B_PER: 0.045591 0.058743 0.059078 0.048242 0.066902 0.069317 0.064739 0.059966 0.070747 0.064648 0.043326 0.060253 0.052181 0.073673 0.046229 0.053944 0.062424 
I_PER: 0.038934 0.050563 0.057549 0.047928 0.059759 0.062610 0.060669 0.059008 0.077598 0.060230 0.065902 0.071151 0.049719 0.083358 0.048337 0.048881 0.057803 
L_PER: 0.051687 0.063962 0.045624 0.075963 0.050601 0.053441 0.048123 0.085356 0.057885 0.084920 0.060042 0.054982 0.051347 0.063085 0.044297 0.048775 0.059909 
O: 0.031540 0.128007 0.063822 0.043360 0.059156 0.069057 0.053311 0.060540 0.056919 0.049225 0.032083 0.063852 0.043305 0.067518 0.060302 0.054779 0.063221 
O: 0.074290 0.071151 0.058922 0.050221 0.056899 0.050951 0.063427 0.047890 0.089958 0.048705 0.051928 0.056613 0.048160 0.057635 0.058262 0.057477 0.057511 
O: 0.050810 0.084563 0.035744 0.069580 0.050680 0.047017 0.049862 0.064194 0.063298 0.066505 0.056932 0.052647 0.075683 0.063857 0.051251 0.054139 0.063238 

