O: 0.036335 0.296066 0.034687 0.047690 0.043570 0.044795 0.051102 0.046972 0.046086 0.041345 0.026550 0.040605 0.045616 0.046068 0.050188 0.046408 0.055916 
O: 0.037081 0.271347 0.040776 0.048615 0.045091 0.044863 0.056680 0.040683 0.050419 0.039449 0.028011 0.045478 0.047049 0.044462 0.047992 0.056299 0.055706 

