B_LOC: 0.033235 0.038624 0.113083 0.056449 0.052586 0.049569 0.092313 0.058993 0.059238 0.042165 0.042619 0.077103 0.055509 0.064909 0.053344 0.045439 0.064823 
L_LOC: 0.039463 0.048921 0.046354 0.093263 0.061184 0.064731 0.056289 0.090927 0.048392 0.053081 0.052550 0.062548 0.054927 0.060572 0.043488 0.051345 0.071964 
O: 0.031001 0.152648 0.053772 0.046798 0.053567 0.080117 0.047623 0.049585 0.059000 0.043161 0.029712 0.083495 0.041074 0.061062 0.041356 0.061613 0.064415 
B_PER: 0.048552 0.057121 0.039832 0.069757 0.055951 0.066841 0.066364 0.063642 0.079584 0.048612 0.052195 0.066467 0.062624 0.055513 0.052796 0.054295 0.059853 
I_PER: 0.039681 0.059543 0.053928 0.056610 0.064934 0.053766 0.065366 0.064858 0.065119 0.057210 0.052084 0.062700 0.048070 0.069782 0.056475 0.061909 0.067964 
O: 0.033605 0.095964 0.059182 0.047897 0.062040 0.052545 0.054044 0.054845 0.054963 0.059176 0.053455 0.059000 0.050458 0.073202 0.062719 0.067712 0.059192 
O: 0.049671 0.073975 0.050736 0.042772 0.065992 0.065642 0.055843 0.072882 0.066360 0.058721 0.043173 0.051013 0.058102 0.067009 0.052210 0.064193 0.061708 
O: 0.043268 0.086109 0.055253 0.057822 0.066230 0.057389 0.063735 0.056671 0.072227 0.059086 0.035794 0.059277 0.056931 0.063579 0.042115 0.062991 0.061524 
O: 0.041290 0.085084 0.063703 0.045457 0.052152 0.057447 0.060544 0.057923 0.063769 0.058777 0.041779 0.084484 0.057028 0.074102 0.043798 0.052547 0.060117 
O: 0.033999 0.111555 0.038344 0.066034 0.053217 0.052669 0.054113 0.076431 0.048923 0.082587 0.046794 0.066178 0.043582 0.069748 0.048036 0.045786 0.062003 
O: 0.029154 0.196055 0.040071 0.043510 0.046394 0.057206 0.046819 0.061077 0.056077 0.054231 0.037512 0.074667 0.046361 0.062090 0.039759 0.048706 0.060310 
O: 0.046778 0.136410 0.048182 0.041956 0.050903 0.062451 0.059726 0.054332 0.053165 0.051849 0.040955 0.056181 0.063643 0.060483 0.057077 0.052580 0.063328 
O: 0.044241 0.195790 0.046921 0.045605 0.049677 0.058314 0.057922 0.049201 0.059516 0.042074 0.027533 0.059271 0.047297 0.061445 0.040239 0.051114 0.063839 
O: 0.052675 0.148382 0.047971 0.063342 0.048318 0.046977 0.056370 0.056942 0.056862 0.058855 0.041770 0.040356 0.076126 0.056992 0.042355 0.044585 0.061124 
O: 0.034811 0.221490 0.043166 0.042637 0.042092 0.054086 0.046210 0.054494 0.047254 0.053880 0.043153 0.053434 0.040944 0.056428 0.043908 0.053255 0.068759 
O: 0.035554 0.171234 0.046343 0.043924 0.041035 0.057485 0.054810 0.047495 0.062459 0.052538 0.039550 0.050617 0.055290 0.056201 0.058077 0.059837 0.067552 
O: 0.042867 0.205944 0.040757 0.040642 0.050135 0.053915 0.048492 0.054343 0.051722 0.047194 0.043256 0.055901 0.044688 0.052467 0.041733 0.050321 0.075623 
O: 0.028560 0.147099 0.043834 0.043529 0.048959 0.068065 0.074335 0.055889 0.054288 0.050300 0.055421 0.049133 0.056466 0.065381 0.040874 0.051781 0.066084 
O: 0.033976 0.157636 0.047539 0.051345 0.035114 0.073454 0.051135 0.063389 0.057238 0.050141 0.034445 0.069017 0.056365 0.062959 0.044228 0.047724 0.064294 
O: 0.036905 0.154161 0.047970 0.051255 0.043234 0.053251 0.054385 0.058348 0.044512 0.067926 0.040273 0.067871 0.052299 0.059297 0.042793 0.053418 0.072101 
O: 0.041311 0.148519 0.050457 0.049065 0.038441 0.059562 0.049506 0.068922 0.053651 0.050756 0.037713 0.060443 0.068744 0.048697 0.043568 0.050613 0.080032 
O: 0.055142 0.144926 0.047163 0.043404 0.056869 0.063837 0.047559 0.051458 0.050681 0.044737 0.048008 0.067217 0.055323 0.047477 0.054620 0.051258 0.070320 
O: 0.046384 0.140437 0.033873 0.068002 0.048594 0.054567 0.057159 0.060327 0.054089 0.045258 0.039705 0.064425 0.056649 0.046170 0.047053 0.071326 0.065980 

