U_LOC: 0.065544 0.076159 0.036070 0.074307 0.058042 0.048238 0.047039 0.059825 0.062728 0.060454 0.086679 0.036507 0.056829 0.055685 0.081590 0.040817 0.053487 
O: 0.046162 0.163960 0.039750 0.054788 0.043885 0.059099 0.048673 0.052609 0.058544 0.052903 0.041446 0.051149 0.045278 0.055708 0.052227 0.069236 0.064584 

