O: 0.039841 0.192743 0.059182 0.029372 0.060148 0.054446 0.056946 0.057228 0.045898 0.040747 0.025879 0.061750 0.051846 0.055662 0.049994 0.047759 0.070559 
O: 0.046729 0.139924 0.031951 0.059753 0.043902 0.061774 0.056019 0.071970 0.048600 0.049594 0.052743 0.049631 0.053218 0.048459 0.062379 0.048418 0.074935 
O: 0.048439 0.166727 0.040811 0.053443 0.055727 0.060579 0.046387 0.055024 0.062308 0.038663 0.032859 0.060364 0.050059 0.043984 0.047290 0.071651 0.065685 

