O: 0.066710 0.077685 0.037346 0.081238 0.047656 0.053298 0.054228 0.068587 0.059501 0.068234 0.064323 0.038477 0.064115 0.062331 0.049008 0.041676 0.065587 
O: 0.059998 0.204356 0.032291 0.047074 0.050804 0.053405 0.038800 0.053717 0.050393 0.053343 0.035496 0.042337 0.041259 0.055224 0.073446 0.050559 0.057498 
O: 0.055101 0.118931 0.051816 0.048340 0.059351 0.052630 0.057493 0.042858 0.068580 0.047836 0.052755 0.048902 0.048942 0.053260 0.056101 0.072717 0.064387 

