O: 0.048393 0.095852 0.060931 0.050757 0.055260 0.062658 0.059439 0.062079 0.065593 0.053528 0.049206 0.055777 0.060778 0.059201 0.048710 0.052820 0.059020 
O: 0.053385 0.103177 0.047296 0.053871 0.059429 0.056024 0.054479 0.063329 0.071837 0.053105 0.048191 0.055511 0.059971 0.059801 0.053478 0.050504 0.056611 
O: 0.050002 0.095955 0.045291 0.066717 0.056049 0.049311 0.048670 0.062807 0.065626 0.064385 0.056955 0.049487 0.061528 0.056985 0.053285 0.059350 0.057595 

