O: 0.041687 0.116121 0.055104 0.048103 0.060846 0.061783 0.060989 0.062898 0.062225 0.049152 0.050392 0.055445 0.057985 0.058872 0.048232 0.052082 0.058086 
O: 0.042182 0.120251 0.057127 0.046215 0.056010 0.059785 0.057051 0.065190 0.064563 0.050301 0.051166 0.053006 0.061933 0.058794 0.048611 0.052042 0.055775 
O: 0.050385 0.114270 0.053285 0.050515 0.057216 0.052507 0.050888 0.059850 0.067864 0.052799 0.065532 0.050849 0.057699 0.058215 0.054209 0.048925 0.054991 
O: 0.051459 0.102652 0.045326 0.066190 0.055757 0.050686 0.046445 0.055186 0.068757 0.061478 0.057528 0.048459 0.064254 0.055463 0.054592 0.058967 0.056798 

