O: 0.053422 0.217000 0.053556 0.048611 0.052693 0.038579 0.047436 0.050504 0.059425 0.037753 0.038331 0.038204 0.070729 0.046694 0.044385 0.045411 0.057269 
O: 0.033154 0.172361 0.045769 0.051538 0.049101 0.058558 0.066525 0.056466 0.046491 0.053868 0.048336 0.048978 0.038017 0.061720 0.047593 0.049516 0.072009 
O: 0.049649 0.130657 0.063550 0.046259 0.043196 0.071427 0.043433 0.055466 0.054319 0.051865 0.035074 0.059454 0.055119 0.061328 0.053138 0.054607 0.071458 
O: 0.044718 0.192392 0.048736 0.040207 0.053040 0.075092 0.048080 0.050224 0.050993 0.037658 0.031508 0.059813 0.052076 0.045607 0.043838 0.057249 0.068770 
O: 0.035514 0.108381 0.034896 0.057482 0.043861 0.068667 0.123978 0.055832 0.057397 0.039837 0.029313 0.080348 0.049268 0.054358 0.041650 0.051256 0.067963 
U_ORG: 0.046623 0.054218 0.062835 0.055646 0.043943 0.054290 0.054007 0.082066 0.054499 0.046445 0.047993 0.058999 0.114282 0.049500 0.052611 0.053937 0.068106 
O: 0.030347 0.155597 0.065126 0.041888 0.071233 0.082822 0.052049 0.055085 0.050421 0.041169 0.030733 0.065045 0.040102 0.054798 0.036224 0.060748 0.066613 
B_ORG: 0.044863 0.056794 0.056273 0.074225 0.045709 0.060137 0.105203 0.058462 0.063324 0.047660 0.049172 0.066805 0.057903 0.058759 0.053466 0.043727 0.057517 
L_ORG: 0.039835 0.051574 0.042950 0.064970 0.041745 0.047094 0.063268 0.112652 0.055884 0.061636 0.070640 0.080644 0.045039 0.062501 0.040359 0.048006 0.071204 
O: 0.035162 0.145363 0.051362 0.047228 0.037672 0.057086 0.041898 0.076866 0.049591 0.063611 0.033821 0.074272 0.060927 0.062975 0.040227 0.054948 0.066990 
O: 0.047946 0.105696 0.048767 0.042173 0.067743 0.075529 0.050064 0.054118 0.054829 0.059636 0.045453 0.061124 0.060175 0.056011 0.046489 0.056672 0.067576 
O: 0.042623 0.167490 0.033892 0.054567 0.040685 0.062334 0.056006 0.068068 0.053999 0.051372 0.034587 0.054826 0.059387 0.052636 0.050234 0.052644 0.064649 
O: 0.036617 0.145914 0.045347 0.044640 0.046934 0.059512 0.059817 0.055619 0.057478 0.044883 0.045985 0.055288 0.053306 0.060539 0.062541 0.056277 0.069303 
O: 0.054011 0.117857 0.050362 0.049747 0.051831 0.055005 0.058844 0.059066 0.052071 0.056564 0.041086 0.047617 0.049582 0.060950 0.050601 0.073751 0.071054 
O: 0.030943 0.172508 0.050615 0.051873 0.056968 0.061652 0.045794 0.055847 0.049092 0.046917 0.041908 0.058702 0.049177 0.050658 0.052351 0.061100 0.063895 
O: 0.031260 0.131072 0.078840 0.042869 0.057320 0.061948 0.070675 0.056063 0.054850 0.040726 0.036326 0.050019 0.059399 0.055930 0.048517 0.057924 0.066262 
O: 0.052412 0.077516 0.057267 0.060347 0.051152 0.062490 0.063929 0.081295 0.060877 0.055659 0.038058 0.054376 0.062595 0.059158 0.044288 0.053599 0.064981 
O: 0.044474 0.165298 0.029396 0.053635 0.071981 0.059431 0.041116 0.067926 0.049185 0.060033 0.036122 0.053588 0.040430 0.054196 0.059556 0.053589 0.060041 
O: 0.045404 0.150926 0.042283 0.057552 0.050583 0.060591 0.048807 0.050134 0.052633 0.046157 0.039075 0.059462 0.049703 0.052891 0.055161 0.072976 0.065661 

