B_PER: 0.045878 0.058737 0.065884 0.048427 0.076390 0.056709 0.058986 0.043565 0.103288 0.060649 0.054430 0.047742 0.056082 0.062440 0.048120 0.054066 0.058607 
I_PER: 0.045538 0.058739 0.047656 0.048034 0.062536 0.059862 0.065646 0.054052 0.087981 0.073059 0.040583 0.056628 0.062091 0.088588 0.043870 0.042007 0.063130 
L_PER: 0.068743 0.094738 0.031894 0.062674 0.048329 0.041278 0.049598 0.077090 0.058296 0.092624 0.060045 0.040496 0.048644 0.071305 0.048148 0.050519 0.055577 
O: 0.035635 0.226878 0.037317 0.048028 0.048078 0.049881 0.039975 0.046333 0.047911 0.063439 0.029708 0.053423 0.040728 0.056167 0.061794 0.060512 0.054194 

