O: 0.037536 0.080210 0.062576 0.052447 0.065099 0.062645 0.060594 0.066721 0.067363 0.049308 0.049573 0.053938 0.060251 0.062193 0.053093 0.056321 0.060132 
O: 0.046192 0.082318 0.065659 0.052122 0.055246 0.061810 0.056430 0.062071 0.070220 0.053484 0.053559 0.053187 0.063853 0.064323 0.049986 0.051441 0.058098 
O: 0.061640 0.106377 0.046904 0.051339 0.054545 0.054996 0.054014 0.059223 0.071292 0.059880 0.054331 0.049719 0.056111 0.061893 0.051327 0.050168 0.056239 
O: 0.050300 0.094466 0.044240 0.065674 0.067029 0.050204 0.046173 0.062244 0.060244 0.066065 0.055294 0.045766 0.063361 0.058984 0.053820 0.058616 0.057519 

