O: 0.038945 0.087698 0.076258 0.046304 0.069892 0.053249 0.071790 0.046188 0.073320 0.044068 0.044281 0.047145 0.064673 0.057206 0.054134 0.065512 0.059337 
B_LOC: 0.046552 0.064099 0.069809 0.046207 0.049326 0.067758 0.072706 0.059234 0.081608 0.045963 0.052492 0.064637 0.053293 0.072047 0.045823 0.043768 0.064680 
L_LOC: 0.043534 0.065917 0.042894 0.081624 0.043742 0.054408 0.051264 0.072330 0.052062 0.085577 0.082680 0.060454 0.048986 0.064002 0.043402 0.046080 0.061044 
O: 0.030498 0.192047 0.065832 0.031806 0.041402 0.070637 0.049335 0.060596 0.054692 0.047931 0.021751 0.076683 0.043794 0.063224 0.045155 0.047566 0.057049 
U_LOC: 0.055468 0.059023 0.035392 0.068388 0.058296 0.054926 0.047981 0.063772 0.060136 0.062453 0.114480 0.040869 0.053939 0.051837 0.070746 0.048517 0.053777 
O: 0.045223 0.170388 0.033989 0.058929 0.045955 0.061545 0.046556 0.052437 0.051855 0.048299 0.038396 0.054150 0.052401 0.057414 0.054430 0.064775 0.063255 

