O: 0.047798 0.109607 0.061778 0.047612 0.065435 0.060329 0.061996 0.053060 0.068118 0.046815 0.042226 0.050223 0.058304 0.057809 0.058188 0.048911 0.061791 
B_PER: 0.050815 0.063855 0.065449 0.057424 0.062938 0.057754 0.068393 0.057850 0.092691 0.047785 0.049714 0.054972 0.052155 0.061159 0.043107 0.052631 0.061306 
L_PER: 0.034205 0.061211 0.043694 0.060889 0.055698 0.059200 0.063671 0.061935 0.064593 0.073816 0.049573 0.063051 0.064633 0.080723 0.049654 0.054275 0.059178 
O: 0.033243 0.096019 0.055882 0.043979 0.054895 0.074652 0.056219 0.057992 0.054558 0.055483 0.025596 0.079781 0.047656 0.095718 0.049699 0.055696 0.062932 
O: 0.068083 0.072022 0.035453 0.070691 0.054644 0.046400 0.051009 0.074941 0.064864 0.075102 0.053691 0.046225 0.056984 0.058817 0.066514 0.046994 0.057564 
O: 0.050192 0.145922 0.036645 0.053212 0.052171 0.052277 0.048109 0.056016 0.058141 0.061633 0.034459 0.058073 0.048149 0.056169 0.048184 0.074995 0.065654 

