U_TTL: 0.043917 0.077452 0.073315 0.042593 0.099209 0.053433 0.070102 0.043450 0.066887 0.045123 0.029322 0.054035 0.055511 0.062118 0.082043 0.043680 0.057808 
B_PER: 0.044306 0.047551 0.059564 0.059521 0.073809 0.065541 0.056937 0.062388 0.087613 0.045445 0.053272 0.056979 0.045383 0.064622 0.044669 0.065023 0.067377 
B_PER: 0.046405 0.069484 0.055873 0.055061 0.064569 0.055079 0.051627 0.054090 0.104338 0.068395 0.037834 0.060687 0.049967 0.073967 0.038414 0.048691 0.065519 
L_PER: 0.033201 0.091505 0.048395 0.066458 0.033563 0.049941 0.048850 0.061771 0.063855 0.110733 0.049762 0.051597 0.059479 0.074904 0.040404 0.056313 0.059267 
O: 0.029083 0.170842 0.043965 0.045457 0.039575 0.057157 0.049675 0.058654 0.047434 0.073283 0.049658 0.064208 0.041235 0.072216 0.042261 0.052272 0.063024 
O: 0.031844 0.156425 0.048038 0.050850 0.042581 0.061872 0.057349 0.055262 0.050157 0.066117 0.050032 0.050049 0.062237 0.055396 0.044427 0.051586 0.065776 
O: 0.043507 0.183526 0.041568 0.055974 0.041237 0.054170 0.057952 0.051386 0.050626 0.046321 0.037272 0.064025 0.049516 0.053136 0.049594 0.056023 0.064167 
O: 0.032054 0.158306 0.049013 0.040218 0.049853 0.049715 0.065414 0.052700 0.050157 0.048340 0.044879 0.065845 0.054119 0.053555 0.060857 0.060036 0.064938 
O: 0.035480 0.136674 0.042837 0.049638 0.051347 0.054545 0.050110 0.061932 0.046980 0.056750 0.042011 0.057864 0.053717 0.054928 0.062832 0.073463 0.068892 
O: 0.040689 0.115604 0.045118 0.046022 0.057310 0.068975 0.061035 0.051663 0.049520 0.050014 0.042476 0.057310 0.048803 0.052121 0.054571 0.084727 0.074042 
O: 0.043266 0.129856 0.043447 0.049317 0.058402 0.061874 0.055836 0.071350 0.056973 0.044012 0.033415 0.055878 0.051501 0.048870 0.049692 0.072718 0.073593 
O: 0.036321 0.123627 0.053848 0.039991 0.072874 0.063080 0.063660 0.047582 0.066250 0.037648 0.028693 0.067735 0.050167 0.056046 0.068393 0.057175 0.066912 
O: 0.042731 0.081850 0.080243 0.036426 0.050845 0.057257 0.085729 0.071879 0.060943 0.045767 0.051258 0.062474 0.055017 0.059191 0.044631 0.045834 0.067926 
O: 0.061411 0.101046 0.030434 0.074971 0.051044 0.058720 0.041003 0.090124 0.052170 0.070269 0.058321 0.041544 0.047014 0.055190 0.057813 0.051840 0.057086 
O: 0.045580 0.150897 0.038249 0.053514 0.056511 0.057948 0.042281 0.050110 0.059958 0.054511 0.034825 0.059582 0.047701 0.055031 0.052552 0.084117 0.056634 

