O: 0.051656 0.101427 0.058424 0.049989 0.058596 0.063363 0.060827 0.060368 0.066728 0.048971 0.043022 0.054638 0.060436 0.058481 0.050271 0.053833 0.058972 
O: 0.050779 0.099836 0.054557 0.047613 0.061519 0.063677 0.057099 0.061628 0.067022 0.051043 0.041328 0.059620 0.058830 0.060891 0.054343 0.051747 0.058467 
O: 0.050451 0.105682 0.052741 0.050473 0.060915 0.054299 0.050325 0.062503 0.066034 0.057371 0.052089 0.053926 0.057096 0.059316 0.054780 0.055158 0.056841 
O: 0.047481 0.087271 0.044507 0.069808 0.070720 0.048635 0.049609 0.059079 0.064503 0.060646 0.052083 0.047911 0.065034 0.054987 0.057663 0.063617 0.056448 

