O: 0.052364 0.125356 0.064930 0.055023 0.077792 0.049309 0.063132 0.049645 0.057466 0.040941 0.037603 0.042838 0.055553 0.053725 0.060134 0.050537 0.063653 
O: 0.040256 0.105600 0.055441 0.054094 0.057537 0.075846 0.056340 0.059080 0.068062 0.041286 0.030282 0.065917 0.044605 0.065602 0.047158 0.053313 0.079581 
O: 0.046065 0.085926 0.060000 0.058769 0.059663 0.048595 0.070919 0.062098 0.081438 0.061568 0.040481 0.051789 0.047511 0.066047 0.042586 0.050723 0.065823 
O: 0.049339 0.068525 0.054782 0.048607 0.057147 0.051226 0.062312 0.066364 0.060527 0.061133 0.066999 0.058410 0.057194 0.072474 0.052681 0.050327 0.061952 
O: 0.036139 0.136042 0.043318 0.054880 0.055320 0.054251 0.050968 0.069347 0.046250 0.066410 0.037632 0.065470 0.043424 0.066638 0.053416 0.057668 0.062826 
O: 0.030465 0.173330 0.058955 0.039861 0.056446 0.063343 0.051613 0.052932 0.055046 0.038521 0.032058 0.061189 0.045416 0.057473 0.062798 0.056999 0.063557 
O: 0.045035 0.072077 0.072819 0.051580 0.080836 0.053034 0.070991 0.052188 0.077182 0.038932 0.046095 0.046778 0.053586 0.057899 0.053930 0.056257 0.070781 
B_ORG: 0.048225 0.063686 0.048764 0.050676 0.064419 0.062667 0.074810 0.059277 0.062670 0.055939 0.045217 0.054781 0.055781 0.070205 0.057631 0.056713 0.068540 
I_ORG: 0.054368 0.073135 0.060112 0.044050 0.055641 0.061481 0.051317 0.062936 0.084663 0.058404 0.039117 0.078867 0.046809 0.077168 0.035804 0.051945 0.064181 
L_ORG: 0.053699 0.057720 0.040624 0.073904 0.055140 0.044229 0.045864 0.068696 0.067080 0.083790 0.070993 0.053354 0.048901 0.068698 0.050484 0.058417 0.058406 
O: 0.030193 0.135868 0.061086 0.037402 0.052837 0.066465 0.054781 0.051706 0.061527 0.058082 0.028538 0.068001 0.044027 0.070108 0.060292 0.061197 0.057888 
O: 0.042479 0.077478 0.070662 0.044503 0.050116 0.060984 0.068456 0.053922 0.078723 0.058188 0.064112 0.052759 0.048662 0.063424 0.048866 0.054500 0.062165 
O: 0.046090 0.105528 0.039366 0.063363 0.036515 0.052289 0.049853 0.065247 0.046378 0.069108 0.067484 0.060268 0.056455 0.063640 0.046373 0.051250 0.080793 
O: 0.031043 0.166618 0.055364 0.048192 0.043169 0.063334 0.040679 0.059851 0.051140 0.055411 0.034991 0.067548 0.061838 0.051510 0.039026 0.063154 0.067132 
O: 0.036492 0.127302 0.064108 0.032594 0.057082 0.070966 0.058441 0.046874 0.064726 0.038468 0.046240 0.079345 0.065165 0.063869 0.042228 0.045888 0.060211 
O: 0.045364 0.077329 0.048008 0.077768 0.044094 0.052714 0.064650 0.074337 0.066000 0.071436 0.071575 0.044177 0.057079 0.052246 0.043119 0.050139 0.059965 
O: 0.027250 0.236963 0.041503 0.048625 0.033078 0.058686 0.041546 0.052634 0.039965 0.069103 0.031881 0.056691 0.047212 0.057352 0.044643 0.054537 0.058331 
O: 0.044673 0.128470 0.055421 0.037946 0.063515 0.066206 0.064529 0.060835 0.054550 0.049792 0.035253 0.059403 0.052392 0.060888 0.046090 0.053563 0.066476 
O: 0.050627 0.129098 0.028109 0.058843 0.052260 0.060219 0.047645 0.063053 0.047867 0.054046 0.066465 0.051643 0.064903 0.052570 0.061063 0.040900 0.070688 
O: 0.043590 0.174900 0.040263 0.052879 0.052176 0.053929 0.045372 0.047232 0.049426 0.047072 0.039486 0.053866 0.052758 0.049007 0.051449 0.084786 0.061808 

