O: 0.050499 0.132207 0.054493 0.047451 0.068844 0.046548 0.063339 0.046146 0.059116 0.051215 0.048907 0.046385 0.054032 0.058011 0.060502 0.049303 0.063002 
O: 0.037270 0.140090 0.062867 0.041273 0.055712 0.067868 0.059545 0.056450 0.067080 0.045234 0.032755 0.063605 0.041286 0.064082 0.041126 0.054415 0.069342 
O: 0.045105 0.069077 0.055603 0.054781 0.063626 0.062196 0.055453 0.051942 0.101366 0.052125 0.045657 0.057522 0.059785 0.065755 0.047244 0.052757 0.060007 
O: 0.047997 0.076329 0.057746 0.056692 0.058065 0.054238 0.049564 0.058446 0.076917 0.068691 0.050177 0.056974 0.049937 0.073445 0.051680 0.050205 0.062894 
O: 0.045645 0.079219 0.048234 0.046950 0.051633 0.064415 0.082252 0.049380 0.068988 0.063280 0.055562 0.050523 0.048122 0.080609 0.048455 0.055488 0.061247 
O: 0.055163 0.082702 0.049601 0.052705 0.046527 0.058981 0.047000 0.083817 0.049024 0.073148 0.066581 0.052024 0.051722 0.061656 0.045536 0.059565 0.064251 
O: 0.030345 0.197452 0.054051 0.044069 0.052728 0.071930 0.045123 0.056712 0.054678 0.045218 0.026730 0.061996 0.044211 0.055741 0.038637 0.059340 0.061039 
O: 0.043565 0.083663 0.079735 0.059191 0.066024 0.054214 0.070709 0.058411 0.071601 0.039067 0.047644 0.053516 0.057247 0.054469 0.055704 0.044269 0.060971 
B_LOC: 0.045123 0.069743 0.089485 0.056305 0.062668 0.061042 0.077524 0.057817 0.072700 0.045582 0.039375 0.049653 0.052749 0.059914 0.043736 0.056006 0.060578 
I_LOC: 0.034323 0.066000 0.079616 0.057908 0.061280 0.089206 0.070156 0.050368 0.052152 0.052941 0.035214 0.079571 0.045092 0.066998 0.052115 0.048382 0.058678 
I_LOC: 0.033285 0.061387 0.058807 0.055925 0.065755 0.078279 0.067352 0.062278 0.057788 0.046512 0.037619 0.094761 0.040810 0.070585 0.054135 0.050883 0.063838 
L_LOC: 0.049326 0.066554 0.040618 0.095633 0.038671 0.050474 0.047026 0.087141 0.057448 0.071737 0.047391 0.068006 0.048818 0.061839 0.039110 0.067741 0.062468 
O: 0.028944 0.251185 0.038520 0.044817 0.052727 0.051287 0.036845 0.059118 0.044832 0.052205 0.032063 0.059233 0.043844 0.057867 0.037011 0.052187 0.057314 
O: 0.031753 0.171826 0.064699 0.038722 0.056799 0.051472 0.064124 0.052310 0.055288 0.045733 0.051995 0.054462 0.054334 0.059281 0.043697 0.044697 0.058810 
O: 0.048195 0.143399 0.039340 0.059913 0.045305 0.063248 0.051844 0.067251 0.055637 0.068784 0.042573 0.052064 0.046287 0.060494 0.042503 0.045700 0.067463 
O: 0.064972 0.225275 0.039025 0.040043 0.041856 0.053177 0.041054 0.048518 0.053669 0.051908 0.027564 0.050084 0.055203 0.048951 0.044903 0.051200 0.062597 
O: 0.042930 0.166180 0.054239 0.042474 0.054254 0.054376 0.073814 0.051060 0.055106 0.048684 0.045535 0.046081 0.046881 0.054657 0.040174 0.056743 0.066813 
O: 0.038120 0.165970 0.042235 0.049547 0.044251 0.061606 0.056593 0.054083 0.053157 0.046131 0.041356 0.056497 0.058622 0.058243 0.059323 0.045307 0.068959 
O: 0.032091 0.122058 0.049945 0.047956 0.051130 0.063724 0.059254 0.049898 0.057003 0.050210 0.036677 0.060394 0.052834 0.063532 0.065747 0.060239 0.077306 
O: 0.038404 0.111517 0.049287 0.046896 0.055430 0.063728 0.062678 0.066782 0.049124 0.052179 0.042508 0.058898 0.057606 0.057025 0.044795 0.070428 0.072715 
O: 0.033097 0.151752 0.052755 0.050056 0.074153 0.070772 0.051905 0.065672 0.055943 0.037437 0.034405 0.065149 0.045257 0.049991 0.043892 0.053064 0.064700 
B_LOC: 0.045327 0.074052 0.084474 0.043837 0.053856 0.063770 0.074780 0.072860 0.075749 0.042104 0.047683 0.058086 0.053983 0.062173 0.040842 0.044039 0.062382 
L_LOC: 0.068309 0.064660 0.032630 0.072621 0.048186 0.058067 0.044347 0.082861 0.062349 0.084209 0.064961 0.044786 0.050641 0.057848 0.057525 0.049252 0.056749 
O: 0.041112 0.157010 0.040977 0.053526 0.049549 0.058777 0.042742 0.055058 0.055597 0.055765 0.033583 0.058677 0.046538 0.061140 0.051388 0.080975 0.057587 

