O: 0.048775 0.212447 0.034474 0.051160 0.060338 0.054236 0.055463 0.051813 0.049863 0.045068 0.032035 0.040446 0.049315 0.046598 0.067207 0.043982 0.056780 
O: 0.044843 0.215022 0.041168 0.050683 0.044744 0.054306 0.051264 0.043571 0.055108 0.038332 0.036104 0.046298 0.047498 0.046424 0.055789 0.066933 0.061914 

