O: 0.057724 0.084172 0.051851 0.058008 0.051246 0.054311 0.063858 0.061179 0.062909 0.052430 0.055635 0.058210 0.070103 0.059234 0.046030 0.046168 0.066931 
O: 0.045011 0.109245 0.043311 0.055738 0.050474 0.064709 0.052400 0.080325 0.051922 0.062914 0.041775 0.058331 0.047270 0.068644 0.047353 0.053528 0.067049 
O: 0.042803 0.174664 0.037014 0.054587 0.048993 0.055186 0.049945 0.059054 0.053928 0.053469 0.038787 0.056739 0.049372 0.053839 0.060519 0.050352 0.060751 
O: 0.046966 0.181800 0.044221 0.052292 0.052412 0.050970 0.059101 0.051672 0.059435 0.041953 0.033893 0.051235 0.051502 0.047773 0.049555 0.064211 0.061008 

