O: 0.044430 0.091663 0.053658 0.049845 0.055687 0.061433 0.062478 0.065364 0.071023 0.056142 0.047255 0.065649 0.051206 0.064161 0.045209 0.051255 0.063544 
O: 0.058002 0.094026 0.047921 0.049229 0.053613 0.054105 0.057371 0.062416 0.068507 0.060447 0.048793 0.058400 0.061979 0.062173 0.055215 0.048144 0.059658 
O: 0.057709 0.109674 0.036687 0.074516 0.050174 0.044392 0.051250 0.059258 0.066980 0.063726 0.055489 0.053766 0.050282 0.056487 0.055434 0.057889 0.056287 

