O: 0.056750 0.096786 0.055521 0.055804 0.053230 0.050436 0.054463 0.061907 0.075700 0.051616 0.054450 0.059833 0.053639 0.059628 0.052165 0.046459 0.061613 
O: 0.050742 0.108476 0.039777 0.072588 0.056350 0.049607 0.047587 0.058270 0.059605 0.065780 0.059756 0.055635 0.047745 0.059759 0.048445 0.057899 0.061980 

