O: 0.049702 0.116940 0.043551 0.057757 0.051731 0.046059 0.067508 0.075616 0.055308 0.056054 0.053096 0.045700 0.062731 0.059785 0.049198 0.045665 0.063598 
O: 0.029665 0.265721 0.038055 0.044654 0.044304 0.054898 0.045085 0.054599 0.043054 0.050396 0.028175 0.050923 0.041473 0.063205 0.038119 0.048792 0.058881 
O: 0.060106 0.166931 0.035254 0.051204 0.057432 0.048265 0.050434 0.054063 0.053847 0.051511 0.036504 0.047941 0.057222 0.056759 0.063255 0.050607 0.058664 
O: 0.035982 0.280050 0.036313 0.046323 0.044963 0.044601 0.047418 0.042429 0.047549 0.042760 0.029311 0.047417 0.044134 0.046473 0.047969 0.058566 0.057743 

