O: 0.045259 0.110303 0.082672 0.055417 0.060923 0.052696 0.070644 0.040941 0.064272 0.040232 0.034685 0.053101 0.053589 0.058414 0.074019 0.047813 0.055019 
O: 0.047107 0.074201 0.062719 0.052541 0.056771 0.069038 0.067792 0.078775 0.066895 0.049206 0.035943 0.064882 0.043579 0.070351 0.045002 0.044852 0.070348 
O: 0.048259 0.064972 0.029602 0.074967 0.068848 0.049307 0.046781 0.077137 0.070037 0.078640 0.072327 0.048253 0.051436 0.057436 0.054610 0.051848 0.055539 
O: 0.059904 0.127082 0.043678 0.053710 0.046379 0.058807 0.040634 0.055061 0.065376 0.063997 0.030972 0.059049 0.047432 0.056117 0.049518 0.084942 0.057340 

