O: 0.052127 0.117083 0.038152 0.061518 0.057166 0.044518 0.050559 0.059753 0.072259 0.063369 0.055882 0.042620 0.059162 0.059430 0.062419 0.045212 0.058769 
O: 0.044642 0.184560 0.037906 0.055336 0.046588 0.050662 0.047238 0.053546 0.056028 0.058636 0.032052 0.055145 0.043873 0.057432 0.048078 0.066232 0.062047 

