O: 0.035046 0.080794 0.058488 0.058117 0.073167 0.056563 0.051272 0.063571 0.067482 0.062961 0.042483 0.057968 0.047787 0.073725 0.051874 0.056328 0.062374 
O: 0.050036 0.107018 0.050812 0.051658 0.060573 0.047250 0.057809 0.055421 0.057404 0.059985 0.046686 0.052937 0.045055 0.074493 0.064306 0.055152 0.063407 
O: 0.063704 0.085872 0.036863 0.074652 0.052273 0.047694 0.045751 0.059569 0.071259 0.068489 0.054414 0.053408 0.048776 0.058835 0.049018 0.072125 0.057299 

