O: 0.055057 0.137678 0.047418 0.049063 0.053575 0.049910 0.064864 0.050223 0.063499 0.050536 0.060716 0.043616 0.055265 0.054355 0.055825 0.047564 0.060836 
O: 0.037438 0.168001 0.047777 0.051556 0.037510 0.056002 0.046719 0.060501 0.059786 0.056496 0.038478 0.060419 0.044593 0.055359 0.044837 0.051827 0.082701 
O: 0.030849 0.207292 0.049101 0.044067 0.039217 0.054712 0.047780 0.046932 0.044452 0.054610 0.041109 0.062156 0.059224 0.053903 0.043145 0.055837 0.065613 
O: 0.034395 0.195908 0.046944 0.044631 0.043056 0.062374 0.062889 0.056002 0.056179 0.046978 0.038989 0.063103 0.047048 0.047731 0.038187 0.048758 0.066830 
O: 0.030181 0.118585 0.053647 0.051725 0.044208 0.059470 0.054194 0.065190 0.053923 0.051776 0.052946 0.072962 0.059233 0.050582 0.047868 0.053412 0.080099 
O: 0.032375 0.199361 0.046312 0.057058 0.038709 0.057973 0.046515 0.062276 0.043467 0.050543 0.034625 0.059890 0.056846 0.049193 0.037258 0.059459 0.068142 
O: 0.035737 0.200254 0.042041 0.044936 0.046390 0.061719 0.048661 0.059063 0.053188 0.041281 0.054992 0.061628 0.051216 0.049838 0.038710 0.045007 0.065337 
O: 0.036643 0.121786 0.053981 0.056343 0.046794 0.060487 0.058435 0.062683 0.051932 0.054903 0.046093 0.057143 0.065050 0.049998 0.047849 0.060331 0.069549 
O: 0.028768 0.198508 0.063017 0.051505 0.052621 0.066625 0.053929 0.054862 0.051029 0.041180 0.026529 0.061685 0.044571 0.050895 0.037335 0.051459 0.065482 
B_ORG: 0.050026 0.058356 0.075126 0.052510 0.058997 0.056375 0.112928 0.049465 0.082286 0.034709 0.054808 0.054219 0.064692 0.050688 0.044284 0.042751 0.057780 
I_ORG: 0.053644 0.057507 0.049558 0.064976 0.061985 0.058745 0.061451 0.076910 0.070494 0.054912 0.041252 0.089541 0.048219 0.058152 0.040256 0.051516 0.060881 
L_ORG: 0.041349 0.065528 0.061376 0.041375 0.060277 0.063185 0.058260 0.098523 0.063296 0.058064 0.033591 0.081561 0.053104 0.074541 0.042953 0.045807 0.057209 
U_LOC: 0.058132 0.066501 0.030951 0.067406 0.057662 0.054192 0.042584 0.077655 0.058120 0.081522 0.083270 0.044990 0.057661 0.057897 0.059032 0.047454 0.054970 
O: 0.042639 0.165675 0.038980 0.056531 0.051710 0.058450 0.044434 0.049000 0.052362 0.056976 0.032970 0.055643 0.050325 0.057162 0.052878 0.074727 0.059539 

