O: 0.062542 0.105656 0.048597 0.058239 0.058712 0.047073 0.061663 0.046520 0.062512 0.065870 0.049738 0.040517 0.064086 0.057011 0.059731 0.053875 0.057657 
O: 0.035860 0.155150 0.046331 0.053396 0.049875 0.057027 0.051541 0.053725 0.055372 0.048051 0.043237 0.062968 0.044083 0.061202 0.059780 0.054723 0.067681 
O: 0.032435 0.129363 0.047096 0.039819 0.073795 0.058750 0.072989 0.055299 0.054161 0.053764 0.036215 0.057870 0.046725 0.063515 0.051844 0.058186 0.068174 
O: 0.053357 0.082886 0.040330 0.062134 0.046343 0.055027 0.062478 0.059314 0.067217 0.063313 0.062391 0.049944 0.064655 0.054596 0.046470 0.061454 0.068091 
O: 0.034113 0.188322 0.038742 0.044340 0.044715 0.057733 0.048135 0.065785 0.053947 0.056410 0.032390 0.068142 0.041840 0.061576 0.038485 0.060894 0.064432 
O: 0.031132 0.102910 0.044982 0.052604 0.074834 0.057137 0.063347 0.061867 0.056170 0.058144 0.050445 0.053668 0.055569 0.060684 0.056740 0.052371 0.067395 
O: 0.047123 0.118057 0.057469 0.050286 0.044946 0.053355 0.051575 0.055357 0.062226 0.055796 0.040242 0.066431 0.053914 0.053379 0.061440 0.056657 0.071745 
O: 0.036211 0.211338 0.046912 0.039484 0.052269 0.054019 0.041851 0.042042 0.050006 0.051556 0.028283 0.056140 0.050711 0.053702 0.044762 0.061430 0.079284 
O: 0.037040 0.160296 0.049309 0.054215 0.036849 0.055694 0.068288 0.057185 0.042572 0.048564 0.039688 0.052974 0.060215 0.050212 0.040684 0.076261 0.069953 
O: 0.035142 0.159401 0.066958 0.045226 0.054901 0.064879 0.046106 0.051677 0.059271 0.033471 0.043290 0.071665 0.056584 0.047179 0.049168 0.052725 0.062359 
B_ORG: 0.041272 0.064014 0.064242 0.048884 0.065429 0.068200 0.090124 0.056338 0.065895 0.040819 0.075787 0.048562 0.059639 0.052612 0.048051 0.047939 0.062194 
L_ORG: 0.044477 0.064355 0.059568 0.055471 0.066028 0.070374 0.066257 0.075119 0.061872 0.050365 0.039692 0.063030 0.056306 0.062373 0.045812 0.057317 0.061584 
B_PER: 0.048418 0.069667 0.060579 0.054731 0.060603 0.070298 0.052679 0.064006 0.076418 0.056200 0.046818 0.062188 0.054697 0.063962 0.042920 0.055488 0.060327 
I_PER: 0.041804 0.056314 0.055586 0.060647 0.063120 0.064592 0.060481 0.072785 0.062287 0.060391 0.053207 0.068220 0.049026 0.076170 0.045683 0.050447 0.059241 
L_PER: 0.061094 0.069102 0.035895 0.069611 0.054763 0.050228 0.044720 0.078408 0.062787 0.074979 0.069345 0.046453 0.053364 0.057567 0.069983 0.046553 0.055147 
O: 0.036283 0.176362 0.039476 0.053447 0.044230 0.055672 0.043965 0.049217 0.050797 0.059767 0.040567 0.054912 0.047655 0.061921 0.052509 0.076769 0.056450 

