O: 0.051359 0.208328 0.046115 0.050975 0.047597 0.048960 0.057040 0.043910 0.057996 0.052554 0.050016 0.040825 0.052843 0.050133 0.045854 0.040552 0.054943 
O: 0.035857 0.180847 0.039993 0.054124 0.040591 0.058526 0.060052 0.061803 0.056033 0.053471 0.043637 0.051301 0.043578 0.055740 0.045283 0.047989 0.071175 
O: 0.030401 0.169420 0.059488 0.041873 0.035602 0.051954 0.053675 0.052551 0.055095 0.053583 0.046849 0.064437 0.059122 0.053475 0.046092 0.050661 0.075723 
O: 0.030693 0.179656 0.054025 0.051128 0.044681 0.056190 0.051874 0.053581 0.045365 0.054190 0.034531 0.063902 0.053956 0.051374 0.042980 0.058057 0.073817 
O: 0.033993 0.205278 0.042099 0.047368 0.047044 0.060325 0.059406 0.060232 0.052119 0.043743 0.041782 0.055204 0.048390 0.051135 0.037971 0.048261 0.065650 
O: 0.034963 0.138799 0.046278 0.054213 0.046903 0.062401 0.056236 0.061655 0.055245 0.053318 0.044184 0.058542 0.063222 0.049223 0.050578 0.053790 0.070451 
O: 0.026836 0.207520 0.060976 0.046045 0.056301 0.061967 0.056306 0.054019 0.051497 0.037577 0.026244 0.064439 0.044972 0.049860 0.037440 0.052499 0.065503 
B_ORG: 0.044871 0.060244 0.074287 0.054289 0.047289 0.054114 0.124066 0.051741 0.071698 0.040780 0.047605 0.064680 0.056024 0.059537 0.043368 0.042990 0.062419 
I_ORG: 0.049919 0.058184 0.049503 0.061573 0.046236 0.056804 0.044496 0.098513 0.056710 0.062775 0.058551 0.083746 0.065092 0.054423 0.042006 0.049617 0.061851 
I_ORG: 0.025426 0.123822 0.092936 0.030549 0.050883 0.084239 0.050433 0.074162 0.043434 0.046991 0.020685 0.106643 0.040375 0.065820 0.034372 0.049299 0.059930 
L_ORG: 0.055358 0.044842 0.025711 0.103254 0.051091 0.059810 0.054428 0.093127 0.050517 0.055440 0.090593 0.047135 0.059733 0.049305 0.065482 0.040116 0.054058 
O: 0.037753 0.169035 0.040583 0.054708 0.063076 0.055043 0.043928 0.057304 0.051601 0.047774 0.037390 0.057393 0.046740 0.054105 0.049061 0.074552 0.059953 

