B_PER: 0.047166 0.068098 0.061769 0.047351 0.053794 0.059818 0.070566 0.054456 0.093164 0.059472 0.040705 0.060121 0.057265 0.064152 0.048249 0.051021 0.062834 
O: 0.060233 0.092427 0.046980 0.053016 0.052244 0.052780 0.049012 0.069723 0.065577 0.072288 0.040974 0.066495 0.045824 0.067356 0.051588 0.051375 0.062109 
O: 0.055469 0.093997 0.040351 0.073757 0.053899 0.041702 0.045847 0.056520 0.067342 0.063965 0.061347 0.067215 0.049556 0.056183 0.054920 0.059756 0.058174 

