O: 0.047091 0.092861 0.056887 0.043689 0.073380 0.064152 0.056158 0.059963 0.068833 0.052933 0.046077 0.053110 0.058616 0.065553 0.050904 0.050701 0.059092 
O: 0.043185 0.089504 0.064438 0.048817 0.060274 0.062954 0.056975 0.063001 0.064279 0.056065 0.048090 0.055920 0.058727 0.064279 0.046820 0.057625 0.059047 
O: 0.048451 0.098040 0.047622 0.057158 0.065771 0.051371 0.050476 0.060231 0.074510 0.053317 0.052652 0.053651 0.059269 0.062837 0.057035 0.051522 0.056088 
O: 0.049681 0.099340 0.045952 0.064044 0.050330 0.049154 0.045611 0.059621 0.068625 0.070552 0.058284 0.045366 0.065731 0.060547 0.051857 0.058410 0.056894 

