O: 0.046123 0.139135 0.040076 0.051761 0.050311 0.057698 0.065046 0.062385 0.059766 0.058171 0.032340 0.050396 0.052728 0.059913 0.050658 0.054249 0.069244 
O: 0.051156 0.149556 0.037258 0.048864 0.053655 0.055834 0.049842 0.060593 0.057321 0.050442 0.040421 0.055917 0.049024 0.055206 0.063872 0.056042 0.064997 
O: 0.052338 0.166800 0.043442 0.052674 0.058766 0.050505 0.050693 0.048081 0.060752 0.044650 0.033524 0.054422 0.051148 0.052300 0.051462 0.066398 0.062045 

