O: 0.049090 0.125945 0.053341 0.053044 0.057343 0.047331 0.057996 0.045517 0.066401 0.061159 0.042779 0.046549 0.074408 0.058790 0.058964 0.042145 0.059198 
O: 0.036959 0.150943 0.050580 0.042095 0.046518 0.061727 0.064932 0.061548 0.048612 0.058114 0.051280 0.052713 0.042432 0.061983 0.044369 0.050274 0.074920 
O: 0.047379 0.141857 0.053261 0.049990 0.038059 0.058236 0.053957 0.060604 0.060150 0.057285 0.041989 0.053070 0.053481 0.059733 0.048808 0.056034 0.066107 
O: 0.033260 0.204453 0.043968 0.049599 0.054659 0.061156 0.045923 0.052224 0.049414 0.052595 0.039349 0.058852 0.046655 0.051155 0.039634 0.053245 0.063858 
O: 0.040045 0.153658 0.046174 0.051136 0.044951 0.060350 0.057989 0.068969 0.061118 0.049021 0.038998 0.051122 0.054439 0.050086 0.049287 0.052055 0.070603 
O: 0.042723 0.103278 0.047640 0.052942 0.111926 0.050892 0.055221 0.052202 0.052019 0.054274 0.035522 0.055991 0.054071 0.053892 0.050048 0.057706 0.069654 
O: 0.047780 0.119282 0.056868 0.046871 0.044575 0.056946 0.064713 0.056106 0.062488 0.047023 0.037540 0.069097 0.058700 0.052884 0.045878 0.051879 0.081370 
O: 0.045554 0.126789 0.059265 0.049664 0.044998 0.061176 0.058934 0.055934 0.045174 0.054248 0.031807 0.063307 0.061794 0.056787 0.042909 0.065155 0.076506 
O: 0.033723 0.155260 0.050020 0.052206 0.051190 0.074495 0.044162 0.056378 0.055577 0.038555 0.040686 0.084062 0.049076 0.045494 0.047389 0.054216 0.067511 
O: 0.032291 0.103432 0.052207 0.051455 0.056809 0.080836 0.093397 0.058875 0.054413 0.037191 0.035729 0.064505 0.055124 0.053177 0.043784 0.055633 0.071143 
B_LOC: 0.037441 0.053614 0.072757 0.056131 0.049988 0.061043 0.079683 0.075228 0.073925 0.042180 0.044036 0.063188 0.071545 0.057892 0.045424 0.051215 0.064711 
I_LOC: 0.044551 0.059282 0.052522 0.064368 0.089946 0.064996 0.054640 0.064525 0.073925 0.063018 0.046395 0.068626 0.044223 0.061564 0.036543 0.048991 0.061886 
L_LOC: 0.057111 0.061828 0.049760 0.072850 0.050207 0.054478 0.050909 0.067060 0.056728 0.070400 0.060444 0.062917 0.062980 0.060552 0.046823 0.049801 0.065151 
O: 0.030707 0.121599 0.061123 0.046565 0.067558 0.067303 0.058170 0.059055 0.058010 0.050509 0.032115 0.066299 0.050701 0.062401 0.041174 0.056499 0.070210 
B_LOC: 0.052190 0.060547 0.071258 0.055121 0.055797 0.063501 0.066579 0.056447 0.070836 0.047968 0.051785 0.063665 0.070975 0.054655 0.048047 0.048447 0.062183 
L_LOC: 0.038928 0.051678 0.057003 0.071187 0.059186 0.057782 0.057187 0.063958 0.069993 0.060349 0.076966 0.059311 0.047246 0.064843 0.041148 0.061223 0.062010 
O: 0.055210 0.079966 0.044204 0.062587 0.037129 0.046747 0.052533 0.068863 0.062975 0.079654 0.071189 0.061804 0.055377 0.062178 0.046192 0.049958 0.063435 
O: 0.026809 0.193417 0.043696 0.040346 0.040557 0.059508 0.043971 0.056750 0.045718 0.058179 0.057166 0.061112 0.049125 0.060755 0.043795 0.051514 0.067581 
O: 0.036085 0.135408 0.061999 0.042627 0.053232 0.068490 0.065747 0.050827 0.054593 0.042234 0.042327 0.068765 0.060112 0.054953 0.043440 0.052426 0.066733 
B_ORG: 0.040540 0.070149 0.072892 0.055552 0.057179 0.055843 0.076633 0.062019 0.070533 0.042078 0.055104 0.058654 0.069146 0.052523 0.047223 0.052229 0.061703 
I_ORG: 0.039613 0.062931 0.065053 0.049864 0.064774 0.063611 0.067594 0.075680 0.063479 0.056985 0.033976 0.074387 0.052875 0.069782 0.046675 0.049832 0.062888 
L_ORG: 0.059236 0.063708 0.036072 0.068535 0.054524 0.054148 0.044999 0.077074 0.064717 0.083496 0.064040 0.047894 0.051976 0.060145 0.060657 0.052248 0.056531 
O: 0.039998 0.164004 0.041029 0.055789 0.047513 0.057015 0.044597 0.051323 0.052001 0.058793 0.034070 0.056754 0.046901 0.063658 0.051047 0.077145 0.058361 

