O: 0.060292 0.085705 0.051786 0.053001 0.058440 0.051962 0.048954 0.059063 0.078689 0.062131 0.038202 0.064399 0.050133 0.072459 0.052868 0.050941 0.060977 
O: 0.054447 0.077856 0.040732 0.074174 0.053379 0.047005 0.049964 0.062232 0.062698 0.070181 0.059679 0.056324 0.051776 0.067816 0.052581 0.061134 0.058020 

