O: 0.041509 0.085672 0.063879 0.059942 0.056689 0.057368 0.056891 0.063753 0.075320 0.056664 0.044598 0.056427 0.052970 0.069456 0.044336 0.051151 0.063373 
O: 0.050877 0.090818 0.052456 0.053869 0.056095 0.052879 0.057188 0.060273 0.074151 0.058817 0.045128 0.054347 0.056347 0.067446 0.063412 0.047562 0.058334 
O: 0.054070 0.081321 0.044114 0.073235 0.051007 0.047800 0.049661 0.060040 0.061823 0.070232 0.054841 0.056338 0.054794 0.062643 0.051096 0.066801 0.060184 

