O: 0.048605 0.136991 0.052123 0.049239 0.072100 0.047946 0.079300 0.044772 0.063106 0.045158 0.042114 0.044328 0.056809 0.051714 0.052624 0.049093 0.063976 
O: 0.038554 0.135640 0.059338 0.043095 0.039804 0.068188 0.061002 0.057404 0.069259 0.048003 0.037305 0.063233 0.044368 0.064629 0.042704 0.055867 0.071605 
O: 0.045875 0.080114 0.062382 0.052669 0.064286 0.064831 0.053559 0.052501 0.089948 0.056369 0.044750 0.060607 0.054153 0.061072 0.046775 0.049603 0.060505 
O: 0.041161 0.074918 0.046796 0.053862 0.059497 0.064576 0.062159 0.061126 0.085331 0.055014 0.046187 0.060607 0.049781 0.079435 0.046088 0.050020 0.063442 
O: 0.045728 0.077365 0.049085 0.058482 0.047392 0.052558 0.058912 0.070538 0.058088 0.079999 0.056487 0.053769 0.053979 0.069378 0.045826 0.062219 0.060195 
O: 0.025654 0.199634 0.055982 0.037101 0.048700 0.062500 0.048264 0.045708 0.053626 0.050489 0.031705 0.079538 0.047088 0.063628 0.044313 0.050095 0.055974 
B_LOC: 0.033109 0.059907 0.121334 0.046891 0.042781 0.057861 0.088493 0.049680 0.064304 0.048390 0.064680 0.064286 0.052686 0.057283 0.046593 0.043560 0.058161 
L_LOC: 0.043016 0.054032 0.045479 0.105859 0.035763 0.063196 0.044354 0.098983 0.051346 0.067178 0.069123 0.053391 0.050768 0.061118 0.039489 0.055621 0.061284 
O: 0.026347 0.284173 0.035738 0.045439 0.063106 0.049463 0.035041 0.056407 0.042418 0.048804 0.031016 0.053588 0.038208 0.053959 0.035310 0.047405 0.053578 
O: 0.032023 0.230102 0.062183 0.036368 0.050107 0.053801 0.070364 0.058661 0.044779 0.043406 0.030880 0.051242 0.047877 0.051008 0.041153 0.041617 0.054428 
O: 0.049017 0.153233 0.036165 0.063723 0.054355 0.068512 0.041687 0.068482 0.049475 0.050293 0.044832 0.049508 0.047920 0.049814 0.062701 0.045702 0.064582 
O: 0.052179 0.215065 0.038559 0.050146 0.051340 0.051239 0.041911 0.040791 0.056029 0.039199 0.029985 0.049470 0.051748 0.045069 0.045990 0.081530 0.059751 

