O: 0.052545 0.097172 0.050929 0.056724 0.052876 0.053470 0.050400 0.060524 0.072648 0.062270 0.051911 0.052185 0.051202 0.070112 0.056403 0.048529 0.060099 
O: 0.055627 0.088082 0.043854 0.072163 0.049540 0.046887 0.050555 0.058262 0.067517 0.068378 0.057257 0.053636 0.057851 0.059926 0.052424 0.059984 0.058056 

