O: 0.033541 0.071746 0.059782 0.050970 0.064104 0.055386 0.067604 0.060240 0.066627 0.060222 0.046181 0.067016 0.045429 0.073243 0.054317 0.054487 0.069104 
O: 0.037222 0.074062 0.056926 0.053767 0.058220 0.053171 0.057957 0.068069 0.058860 0.063164 0.052820 0.062854 0.055582 0.068367 0.053388 0.056811 0.068760 
U_LOC: 0.048376 0.058661 0.061868 0.046078 0.043762 0.061122 0.056860 0.077992 0.061918 0.058159 0.074785 0.052727 0.060093 0.061377 0.047958 0.064070 0.064193 
O: 0.047423 0.095755 0.055289 0.049089 0.053704 0.061522 0.065347 0.057319 0.072315 0.053393 0.054441 0.064177 0.052256 0.059773 0.040669 0.058133 0.059396 
O: 0.039065 0.086974 0.070108 0.048759 0.056720 0.058408 0.060582 0.066494 0.074308 0.060501 0.039593 0.055701 0.072916 0.063401 0.042725 0.045924 0.057822 
O: 0.054376 0.096006 0.047213 0.049726 0.053994 0.057162 0.050044 0.060637 0.078648 0.060082 0.056840 0.053190 0.050259 0.068322 0.060121 0.045915 0.057464 
O: 0.057872 0.089505 0.038880 0.068132 0.055181 0.046499 0.048360 0.056671 0.071881 0.075098 0.055138 0.051502 0.048517 0.061826 0.052565 0.064018 0.058354 

