O: 0.046807 0.115043 0.076032 0.049916 0.057035 0.049200 0.082159 0.037320 0.062866 0.046616 0.039965 0.046989 0.060828 0.063295 0.062873 0.046660 0.056394 
O: 0.039541 0.075304 0.049422 0.085400 0.042091 0.054576 0.050211 0.070965 0.058476 0.058573 0.058868 0.060057 0.068551 0.060900 0.047466 0.041165 0.078434 
O: 0.031850 0.176559 0.052612 0.047501 0.046080 0.052537 0.053747 0.056995 0.044387 0.068217 0.040339 0.063112 0.039585 0.062431 0.035186 0.058593 0.070268 
O: 0.033378 0.177362 0.053898 0.054747 0.032933 0.061299 0.052724 0.050015 0.055720 0.055243 0.033024 0.064314 0.055223 0.054624 0.041376 0.055498 0.068622 
O: 0.030848 0.187234 0.042709 0.051063 0.044995 0.056642 0.045958 0.054270 0.049220 0.051897 0.045731 0.077602 0.048642 0.048908 0.039524 0.054075 0.070681 
O: 0.046046 0.161535 0.030757 0.047247 0.053409 0.056643 0.057981 0.059663 0.046241 0.049842 0.049324 0.059194 0.058116 0.055062 0.045941 0.049635 0.073364 
O: 0.038012 0.141171 0.044196 0.043685 0.042596 0.062890 0.064379 0.060757 0.050853 0.046626 0.057539 0.061411 0.063167 0.052234 0.047562 0.052621 0.070302 
O: 0.038297 0.141638 0.046239 0.050412 0.046963 0.051496 0.056373 0.073933 0.050056 0.051477 0.046788 0.057181 0.055593 0.054283 0.044142 0.064731 0.070400 
O: 0.030074 0.198894 0.041480 0.047023 0.067046 0.049034 0.051010 0.051535 0.046553 0.041210 0.038171 0.061437 0.049086 0.053940 0.055041 0.054902 0.063566 
B_LOC: 0.025727 0.100207 0.126722 0.031161 0.052044 0.053500 0.095416 0.051270 0.058223 0.036183 0.042039 0.055567 0.049561 0.056476 0.048697 0.052215 0.064992 
L_LOC: 0.040261 0.058760 0.049937 0.076406 0.039434 0.076228 0.059624 0.074063 0.070868 0.061217 0.062157 0.053501 0.054329 0.056900 0.044621 0.050100 0.071593 
O: 0.035710 0.142492 0.038765 0.055956 0.051378 0.057741 0.045435 0.064287 0.049304 0.072889 0.037978 0.061994 0.043605 0.059946 0.038028 0.073287 0.071205 
O: 0.028813 0.173029 0.051739 0.048741 0.053184 0.054098 0.051786 0.056868 0.050779 0.052149 0.040293 0.057039 0.054631 0.053242 0.047537 0.056225 0.069848 
O: 0.033150 0.107118 0.060263 0.048457 0.058052 0.056050 0.095831 0.052236 0.044109 0.042489 0.041771 0.079628 0.053033 0.049166 0.054893 0.051686 0.072069 
O: 0.030799 0.087375 0.059929 0.039612 0.064605 0.067839 0.071235 0.080243 0.046845 0.038138 0.023122 0.102154 0.049008 0.060173 0.040985 0.057017 0.080921 
U_LOC: 0.061436 0.049098 0.029354 0.064923 0.045113 0.051243 0.046990 0.089942 0.057847 0.056210 0.104654 0.058920 0.059734 0.049319 0.056365 0.056550 0.062303 
O: 0.042552 0.177778 0.035908 0.052338 0.055948 0.058970 0.037420 0.053508 0.061876 0.050752 0.036019 0.062759 0.044246 0.049613 0.043081 0.079740 0.057491 

