U_TTL: 0.060991 0.082639 0.061504 0.049893 0.106714 0.048780 0.063424 0.042773 0.084524 0.042920 0.037176 0.056268 0.056317 0.051793 0.045571 0.047816 0.060899 
U_PER: 0.073521 0.060170 0.049973 0.061688 0.035797 0.054594 0.058762 0.070870 0.085927 0.070174 0.054282 0.054568 0.050655 0.058471 0.044991 0.046862 0.068696 
O: 0.033953 0.139736 0.043574 0.044934 0.039933 0.051405 0.047501 0.067262 0.050420 0.089181 0.046991 0.058186 0.046387 0.067194 0.044359 0.062175 0.066809 
O: 0.033664 0.149618 0.047831 0.042766 0.045511 0.059156 0.058891 0.058800 0.055495 0.061111 0.044515 0.060403 0.059129 0.055566 0.047916 0.049941 0.069686 
O: 0.036498 0.162527 0.049124 0.048293 0.038908 0.058911 0.057420 0.056454 0.054536 0.053200 0.049694 0.063453 0.060876 0.048575 0.043618 0.048603 0.069309 
O: 0.041344 0.146297 0.043719 0.057054 0.041299 0.050718 0.053262 0.052703 0.047945 0.058327 0.047003 0.067508 0.061258 0.053326 0.045260 0.061542 0.071437 
O: 0.046909 0.156747 0.040360 0.042476 0.040509 0.054997 0.057402 0.064121 0.051353 0.051019 0.045468 0.059664 0.059721 0.050733 0.045037 0.054568 0.078915 
O: 0.038002 0.140064 0.057998 0.042617 0.058983 0.061062 0.066936 0.067219 0.042935 0.045625 0.040016 0.068551 0.062432 0.053205 0.038703 0.045982 0.069670 
O: 0.046122 0.129863 0.040418 0.055572 0.056199 0.054725 0.065801 0.067995 0.047112 0.047912 0.047126 0.054536 0.053937 0.049173 0.071037 0.051672 0.060801 
O: 0.040056 0.139140 0.044626 0.057495 0.051722 0.063123 0.048655 0.062548 0.048651 0.043060 0.037272 0.070305 0.050835 0.049880 0.050662 0.072556 0.069415 

