O: 0.043713 0.080440 0.060395 0.046446 0.063175 0.058969 0.066647 0.060348 0.063144 0.059325 0.040201 0.060175 0.051118 0.080086 0.045959 0.056108 0.063752 
O: 0.039072 0.071679 0.058615 0.053677 0.068270 0.058491 0.058763 0.065293 0.065473 0.061842 0.047576 0.061601 0.056070 0.070908 0.047507 0.053802 0.061359 
O: 0.052996 0.093389 0.044888 0.057236 0.064729 0.050869 0.044128 0.060375 0.101779 0.059614 0.042854 0.058178 0.045967 0.064550 0.050871 0.052325 0.055252 
O: 0.058541 0.079351 0.039190 0.065026 0.048333 0.044426 0.051206 0.058369 0.072480 0.089951 0.054006 0.051590 0.050657 0.066918 0.050916 0.061334 0.057705 

