O: 0.050437 0.080549 0.067653 0.049264 0.059081 0.061725 0.057645 0.066938 0.069342 0.054138 0.048915 0.056984 0.058493 0.060206 0.045804 0.053424 0.059404 
O: 0.049434 0.094980 0.053837 0.056952 0.074341 0.054846 0.049978 0.062991 0.066979 0.057632 0.048215 0.053851 0.055252 0.059827 0.054130 0.050055 0.056701 
O: 0.043954 0.107702 0.043528 0.077163 0.058869 0.049077 0.045731 0.057816 0.062278 0.059892 0.056061 0.047985 0.061354 0.056853 0.055229 0.059464 0.057045 

