O: 0.048568 0.135923 0.054999 0.050379 0.070322 0.048511 0.079055 0.047549 0.062809 0.044727 0.038650 0.042570 0.058740 0.053954 0.052679 0.046842 0.063723 
O: 0.039516 0.145812 0.054757 0.043271 0.048473 0.068589 0.064480 0.055593 0.061189 0.046230 0.034273 0.063816 0.041754 0.065039 0.041756 0.056412 0.069040 
U_TTL: 0.043096 0.068437 0.058773 0.052129 0.099459 0.058886 0.057117 0.051834 0.082392 0.046712 0.039080 0.064026 0.061114 0.062047 0.048095 0.048010 0.058793 
B_PER: 0.057095 0.055164 0.053709 0.051575 0.055493 0.050804 0.053722 0.064249 0.118592 0.055611 0.046521 0.055325 0.045561 0.080893 0.041564 0.052129 0.061993 
L_PER: 0.046484 0.058641 0.040560 0.062833 0.042411 0.053650 0.057314 0.060582 0.063862 0.116229 0.058731 0.050915 0.052824 0.074945 0.048336 0.052012 0.059668 
O: 0.037242 0.136489 0.046892 0.049929 0.042785 0.055094 0.050918 0.064173 0.050894 0.076755 0.041740 0.056869 0.046202 0.074519 0.046062 0.059213 0.064224 
O: 0.033579 0.135465 0.045799 0.053018 0.059268 0.064568 0.056395 0.055756 0.049295 0.053776 0.040166 0.063484 0.053441 0.056822 0.057511 0.055503 0.066152 
B_LOC: 0.025942 0.113191 0.115998 0.039292 0.045376 0.069438 0.072544 0.060456 0.059728 0.039777 0.039416 0.055833 0.049154 0.052969 0.040465 0.053334 0.067086 
L_LOC: 0.054425 0.056805 0.048367 0.092916 0.036651 0.067745 0.055654 0.064466 0.057068 0.061788 0.069789 0.050938 0.063070 0.055921 0.045328 0.050830 0.068239 
O: 0.039260 0.144573 0.038923 0.050463 0.055931 0.064062 0.051665 0.061660 0.052394 0.061405 0.041328 0.054668 0.047126 0.060326 0.040775 0.063844 0.071597 
O: 0.038555 0.093076 0.061159 0.047547 0.047635 0.056411 0.068049 0.048952 0.054065 0.055088 0.048096 0.072520 0.062497 0.059265 0.057207 0.059343 0.070534 
O: 0.023655 0.113244 0.058153 0.052604 0.062933 0.054063 0.071297 0.062905 0.042548 0.045481 0.039031 0.068835 0.054707 0.054643 0.045287 0.078888 0.071726 
B_LOC: 0.022980 0.096810 0.100501 0.045849 0.043291 0.080108 0.074494 0.058889 0.052403 0.036487 0.032503 0.072120 0.048195 0.056812 0.051240 0.056999 0.070320 
L_LOC: 0.040135 0.081780 0.039733 0.117581 0.049781 0.063910 0.051312 0.079649 0.064590 0.051935 0.042545 0.059654 0.048483 0.051018 0.037095 0.050403 0.070397 
O: 0.027540 0.235794 0.033710 0.054292 0.045680 0.052884 0.043395 0.067613 0.048381 0.051878 0.038060 0.057213 0.037852 0.054877 0.034575 0.053716 0.062540 
O: 0.036007 0.154388 0.073369 0.040741 0.053269 0.061347 0.060618 0.065445 0.047708 0.048603 0.036687 0.059361 0.053122 0.054410 0.046440 0.048819 0.059665 
O: 0.048884 0.150648 0.035784 0.064644 0.054169 0.069354 0.041444 0.068986 0.049603 0.050739 0.044245 0.049830 0.047738 0.050218 0.062460 0.046146 0.065107 
O: 0.052174 0.214945 0.038547 0.050172 0.051339 0.051255 0.041905 0.040806 0.056040 0.039217 0.029974 0.049487 0.051745 0.045085 0.045988 0.081553 0.059768 

